id	SRR925687	SRR925688	SRR925697	SRR925703	SRR925714	SRR925716	SRR925720	SRR925721	SRR925726	SRR934634	SRR934636
ENSG00000000003.13	9.13	10.12	13.89	11.66	20.88	5.99	8.11	9.27	12.06	1.54	1.73
ENSG00000000005.5	0	0	0	0	0	0	0	0	0	0	0
ENSG00000000419.11	61.27	35.46	84.4	64.01	49.98	25.28	41.19	20.45	34.47	43.67	29.77
ENSG00000000457.12	2.15	3.27	2.1	4.62	2.9	1.92	3.83	2.68	3.96	2.36	1.03
ENSG00000000460.15	8.07	3.81	10.81	12.39	14.07	9.62	15.13	4.42	12.33	11.65	1.3
ENSG00000000938.11	0.43	0.06	0	0.07	0	0	0.42	0	0	0.21	0.05
ENSG00000000971.14	3.15	0.39	13.76	12.78	4.89	12.78	3.09	1.86	5.89	0	0
ENSG00000001036.12	12.79	25.4	79.13	44.44	81.79	45.82	23.45	54.26	63.27	30.9	14.57
ENSG00000001084.9	20.58	61.36	11.21	54.48	23.46	15.54	107.27	73.65	16.05	21.27	13.65
ENSG00000001167.13	7.14	8.85	34.69	47.35	10.96	23.18	12.19	19.34	15.49	14.49	42.3
ENSG00000001460.16	7.97	4.59	1.86	6.12	3.19	5.75	4.77	11.54	8.4	2.86	17.35
ENSG00000001461.15	30.99	25.65	0.81	1.42	0.82	20.07	20.18	23.55	7.99	32.76	10.52
ENSG00000001497.15	35.81	17.47	66.44	30.08	77.41	24.41	33.4	26.12	40.69	46.13	29.09
ENSG00000001561.6	0	0.05	2.37	0.24	1.3	0.81	0.05	0.15	2.19	0	0.55
ENSG00000001617.10	62.19	152.78	8.71	14.16	2.12	7.62	32.8	33.83	1.15	35.92	1.89
ENSG00000001626.13	0	0	0	0	0	0	0	0	0.04	0	0
ENSG00000001629.8	9.81	10.85	8.77	22.97	20.07	12.65	10.06	7.45	13.86	7.97	3.55
ENSG00000001630.14	72.48	36.17	13.45	54.34	42.53	31.83	57.62	23.32	40.17	19.68	4.62
ENSG00000001631.13	14.61	9.8	7.01	38.05	18.92	12.75	16.54	6.06	11.64	8.03	6.4
ENSG00000002016.15	10.73	6.26	4.89	10.94	11.96	7.37	7.54	8.55	8.83	8.91	16.72
ENSG00000002079.11	3.63	0.48	0	0.23	0	0	0	1.31	0	1.04	0
ENSG00000002330.12	89.76	174.31	59.39	40.01	15.59	75.95	89.09	102	108.54	67.17	80.48
ENSG00000002549.11	35.97	22.01	46.54	35.7	34.96	38.68	36.87	47.78	63.91	29.89	15.3
ENSG00000002586.16	136.75	93.18	260.15	192.49	51.56	119.94	166.37	228.78	160.57	115	147.32
ENSG00000002587.8	4.04	0.25	0	0.04	0	0.6	0.5	10.24	2.89	0.7	0
ENSG00000002726.18	0.16	4.29	0	0.09	0	0.03	0.48	0.32	0.37	2.42	0
ENSG00000002745.11	0	0	0	0	0	0.02	0	0	0	0	0
ENSG00000002746.13	0.47	0	0	0.08	8.23	3.84	0.84	0.69	4.02	3.27	3.44
ENSG00000002822.14	15.49	5.14	30.32	16.73	20.43	121.7	12.57	17.15	21.69	29.19	84.29
ENSG00000002834.16	119.45	79.92	146.57	42.8	124.34	91.16	60.25	123.92	122.26	84.2	24.21
ENSG00000002919.13	12.98	7.1	8.17	5	17.66	9.91	8.97	8.79	16.1	14.47	11.93
ENSG00000002933.6	0	0.21	0	0.33	0	0.03	0	1.09	1.21	0	0
ENSG00000003056.6	108.85	56.26	81.11	152.44	96.46	70.43	58.32	62.56	72.34	113.56	82.1
ENSG00000003096.12	6.75	1.72	0	2.34	0.1	1.23	1.97	0.48	0.03	1.34	0.22
ENSG00000003137.7	13.07	0	0.21	0.94	1.74	1.72	1.88	3.42	12.64	6.36	0.76
ENSG00000003147.16	2.34	6.51	0.93	0.44	0.37	0.03	6.36	8.45	6.33	6.87	11.31
ENSG00000003249.12	2.03	8.94	12.99	3.16	1.04	4.31	2.16	21.72	18.69	4.32	0.97
ENSG00000003393.13	8.15	2.24	8.76	8.54	18.82	10.24	7.25	5.68	9.87	7.92	17.02
ENSG00000003400.13	0.72	0.31	0	0.69	0	0.42	0.05	1.92	1.93	0.3	0
ENSG00000003402.18	14.91	13.52	21.57	15.59	18.76	12.73	18.27	35.08	21.54	9.02	10.03
ENSG00000003436.13	7.19	0.4	93.43	8.35	13.74	43	34.6	63.12	54.19	5.05	2.94
ENSG00000003509.14	6.39	5.91	8.87	8.31	10.83	5.46	9.33	8.8	9.2	7.21	5.16
ENSG00000003756.15	50.6	58.42	55.61	109.48	64.82	51.81	45.42	34.5	46.67	24.21	31.17
ENSG00000003987.12	0	0	0.08	0.1	0.03	0.6	0.59	0.04	0	0	0
ENSG00000003989.15	0.53	0.08	0	0.87	0.27	10.79	50.04	2.1	2.82	0.64	0.28
ENSG00000004059.9	242.35	198.29	124.77	238.49	73.48	107.15	193.68	178.67	111.6	327.39	186.88
ENSG00000004139.12	1.43	0.22	25.01	8.81	18.16	33.09	0	0.46	0.06	0.5	16.14
ENSG00000004142.10	107.8	74.34	79.54	49.77	114	83.88	95.25	131.03	90.1	139.4	77
ENSG00000004399.11	8.73	1.38	4.76	18.2	38.2	26.56	2.89	4.6	18.19	13.33	32.61
ENSG00000004455.15	192	84.43	192.96	148.53	255.4	136.26	131.9	108.53	153.45	262.83	198.99
ENSG00000004468.11	0	0	0	0.04	0.16	0	0	0	0.05	0	0
ENSG00000004478.7	98.68	39.09	47.82	83.78	113.78	26.38	64.14	58.61	62.14	119.53	49.35
ENSG00000004487.14	51.05	28.91	62.44	48.77	37.09	30.41	46.56	35.33	55.28	118.63	29.02
ENSG00000004534.13	13.98	13.31	34.17	30.85	18.37	15.26	19.19	17.76	23.81	9.32	10.17
ENSG00000004660.13	2.87	0.4	3.3	1.72	2.04	0.49	4.16	2.85	2.35	6.81	1.59
ENSG00000004700.14	25.45	7.06	20.3	51.95	29.64	15.15	25.62	10.8	23.76	18.53	6.18
ENSG00000004766.14	3.62	3.88	3.69	13.13	6.35	3.72	5.44	3.01	6.27	3.92	0.28
ENSG00000004776.10	0.14	0.05	0.26	0.51	0.66	8.08	0.06	0	0.17	0	0.73
ENSG00000004777.17	11.65	9.71	16.69	16.21	16.8	19	2.11	2.1	11.26	1.35	15.67
ENSG00000004779.8	126.65	99.46	152.14	111.72	86.89	72.38	141.35	166.53	132.37	124.94	120.7
ENSG00000004799.7	0.11	1.17	0	0.04	0.05	0	10.17	12.41	0.28	1.22	0
ENSG00000004809.12	0	0	0	0.31	0.06	0	0	0	0	0	0
ENSG00000004838.12	1.3	0.31	0.98	3.45	1.77	3.64	0.18	0.59	0.76	0.42	8.97
ENSG00000004846.15	0	0.01	0	0.08	0.04	0.02	0	0.02	0.02	0	0.02
ENSG00000004848.6	0.04	0.1	0	0	0	0	0	0	0	0	0
ENSG00000004864.12	13.89	5.2	15.25	24.54	20.45	8.62	22.44	9.73	28.77	23.59	7.4
ENSG00000004866.17	15.57	6.82	15.37	25.04	6.56	10.35	12.51	7.46	16.2	7.78	2.78
ENSG00000004897.10	40.72	28.54	26.87	52.15	94.06	37.89	40.15	33.64	72.01	16.8	16.24
ENSG00000004939.12	0	0.11	0.05	0.22	0.07	0.23	0.01	0.07	0.06	0.15	0.06
ENSG00000004948.12	0	0	0	0	0	0.02	0	0	0	0	0
ENSG00000004961.13	26.83	19.32	51.44	26.87	21.41	11.73	26.55	32.02	39.66	16.35	16.29
ENSG00000004975.10	30.75	21.99	45.63	28.13	24.28	53.9	18.86	20.66	45.12	35.36	88.59
ENSG00000005001.8	2.62	8.7	0	0	1.02	0	0	13.73	0.09	1.96	0
ENSG00000005007.11	62.61	38.53	36.41	30.19	26.67	65.11	45.3	33.04	54.46	49.89	60.51
ENSG00000005020.11	12.55	8.66	3.37	9.84	5.66	7.77	7.82	12.16	6.06	11.24	22.29
ENSG00000005022.5	649.24	547.24	1091.78	692.53	562.42	357.12	579.38	345.26	746.99	471.77	385.3
ENSG00000005059.14	8.52	1.7	17.18	7.82	8.34	1.42	8.55	12.25	14.24	2.58	5.93
ENSG00000005073.5	0.99	0	1.35	0.57	1.54	0.77	0.36	0.36	0	4.66	0.16
ENSG00000005075.14	93.32	56.15	59.52	63.28	33.13	66.69	97.51	90.49	104.99	193.18	78.24
ENSG00000005100.11	16.84	10.84	37.97	15.21	16.64	27.48	19.03	12.39	21.53	31.63	23.26
ENSG00000005102.11	0	0	0	0	0	0	0	0	0.15	0	0
ENSG00000005108.14	0	0	0	0.14	1.24	0.03	0	0	0	0	0.08
ENSG00000005156.10	10.03	8.7	14.5	12.15	27.57	14.41	17.04	13.34	13.28	23.89	21.16
ENSG00000005175.8	9.85	3.79	10.41	19.07	23.79	8.37	9.12	4.11	16.61	2.97	1.11
ENSG00000005187.10	0.1	1.87	0	0.41	1.52	0	0.29	0.43	0.18	0	0.44
ENSG00000005189.18	3.78	1.94	4.74	48.64	10.3	5.58	2.43	1.64	2.51	0.49	3.53
ENSG00000005194.13	44.09	28.3	52.72	34.04	47.61	32.51	52.74	41.96	75.9	44.16	35.78
ENSG00000005206.15	39.49	36.13	32.96	15.64	23.8	55.69	42.21	32.84	38.39	33.51	102.31
ENSG00000005238.18	7.99	16.78	10.49	4.97	5.31	7.92	9.02	49.75	9.02	29.47	22.63
ENSG00000005243.8	18.12	0	0	0.51	20.56	18.3	0.43	5.84	0.48	10.59	11.7
ENSG00000005249.11	0.03	0	0.36	0.67	1.18	0.41	0.06	0.37	1.83	0	1.68
ENSG00000005302.16	12.38	11.36	20.43	13.26	11.57	5.96	10.76	14.31	15.74	4.44	10.19
ENSG00000005339.11	11.98	9.55	14.35	21.03	20.14	25.76	10.31	9.71	14.61	8.45	47.32
ENSG00000005379.14	0	0	0.02	0.42	0.31	0.01	0.24	0	0.06	0.18	0
ENSG00000005381.7	0	0	0	0.02	0	0	0.14	0	0	0	0
ENSG00000005421.7	0	0	0	0	0	0	0	0	0	0	0
ENSG00000005436.12	5.54	2.86	15.31	5.82	12.61	6.4	8.33	4.18	7.17	6.17	5.85
ENSG00000005448.15	89.76	80.04	26.61	13.92	21.11	41.37	14.88	20.59	62.38	23.28	37.14
ENSG00000005469.10	7.83	14.54	2.48	8.44	5.14	4.38	8.61	3.31	4.37	2.59	0.5
ENSG00000005471.14	0	0.04	0	0.18	0	0.07	0	0	0	0	0.03
ENSG00000005483.18	11.03	13.65	14.76	88.45	17	33.48	11.27	10.59	8.25	15.23	26.57
ENSG00000005486.15	44.31	38.28	27.22	47.3	33.79	57.61	37.56	43.88	46.67	59.46	33.94
ENSG00000005513.9	0	0	0.05	0.25	0	0	0	0	0	0	0
ENSG00000005700.13	4.04	4.61	7.49	13.66	11.18	5.31	8.11	6.89	6.17	1.18	1.96
ENSG00000005801.15	10.51	12.61	3.9	4.63	10.29	2.63	11.09	8.55	12.18	16.69	5.43
ENSG00000005810.16	8.42	10.08	6.11	17.48	6.87	13.41	14.1	6.33	5.68	17.79	14.05
ENSG00000005812.9	7.16	6.32	12.29	12.28	4.7	3.68	14.43	7.08	8.4	4.16	6.14
ENSG00000005844.16	0	0	0	0.38	0	0.48	0.41	0	0	0	0
ENSG00000005882.10	8.39	66.89	18.36	19.02	27.75	17.53	12.53	8.01	39.5	20.03	1.38
ENSG00000005884.16	380.42	211.13	172.54	72.25	335.5	109.75	244.89	538.42	155.95	384.89	48.65
ENSG00000005889.14	9.26	5.3	18.41	10.2	9.54	6.31	11.7	7.42	6.72	2.49	4.2
ENSG00000005893.14	65.41	77.08	152.19	123.19	79.61	30.51	45.1	61.69	48.27	9.97	19.64
ENSG00000005961.16	0.34	0.18	0	0.43	1.89	0.23	0	0	0.1	0	3.37
ENSG00000005981.11	0	0	0	0	0.01	0.02	0	0.25	0.02	0	0
ENSG00000006007.10	41.92	34.52	32.14	128.61	33.01	14.26	42.49	43.61	35.5	16.25	17.77
ENSG00000006015.16	51.87	38.94	36.31	22.84	4.38	61.23	32.33	60.83	40.14	54.54	100.14
ENSG00000006016.9	4.81	3.34	4.29	3.69	3.52	9.23	9.69	3.59	3.77	2.38	5.02
ENSG00000006025.10	9	12.45	2.82	4.5	7.1	4.53	2.76	10.01	9.39	0.76	1.51
ENSG00000006042.10	55.25	12.33	0.07	0.78	11.14	1.59	9.79	51.96	0.05	5.05	0.68
ENSG00000006047.11	0.07	0.02	0	3.2	0.14	0	0.05	0.88	0.24	0.04	51.86
ENSG00000006059.3	0.05	0	0	0	0	0	0	0	0	0	0
ENSG00000006062.12	17.75	5.24	20.56	4.37	25.71	11.89	5.03	3.96	9.12	8.18	21.49
ENSG00000006071.10	0.92	0.18	0	0.13	2.87	0.62	0	0	0.04	0	0.26
ENSG00000006116.3	0	0	0	0	0	0	0	0	0	0	0
ENSG00000006118.13	12.37	160.85	22.17	19.45	26.04	22.77	22.62	108.59	30.47	10.78	35.51
ENSG00000006125.15	70.58	61.8	44.44	59.63	161.44	36.14	67.37	55.95	103.82	54.74	38.61
ENSG00000006128.10	0	0	0	0	0	0.35	0	0	0	0	0
ENSG00000006194.9	9.72	7.07	15.95	11.6	15.19	8.3	9.17	12.98	13.37	14.58	34.8
ENSG00000006210.6	0	0	0	23.73	8.85	0.05	0	0.79	0	0.03	0
ENSG00000006282.18	51.38	18.36	36.78	27.06	38.64	43.83	24.01	42.78	71.64	15.65	105.1
ENSG00000006283.16	0.52	0	0.49	0.78	1.29	0.23	0	0	0	0	0.27
ENSG00000006327.12	194.41	68.94	160.7	61.27	162.41	432.34	149.68	320.5	195.89	206.11	395.33
ENSG00000006377.10	0.04	1.13	0	5.97	0.74	0.46	0	0	0	0	6.25
ENSG00000006432.14	7.42	1.96	1.3	1.46	1.67	1.48	4.33	4.49	2.5	7.97	2.83
ENSG00000006451.6	17.36	14.99	19.86	23.69	19.53	17.25	18.97	39.42	21.69	11.56	10.34
ENSG00000006453.12	25.37	14.18	8.38	18.74	9.06	12.17	23.27	27.89	23.03	28.69	1.85
ENSG00000006459.9	0.13	0.84	0.37	2.37	1.62	0.39	0.83	0.47	0.17	1.44	1.91
ENSG00000006468.12	4.92	0	0.46	3.13	9.13	11.52	2.69	4.93	19.23	2.11	18.67
ENSG00000006530.14	22.99	11.93	29.1	29.43	21.7	17.83	24.43	16.86	24.87	29.15	13.72
ENSG00000006534.14	49.14	57.02	6.17	33.81	17.81	6.85	25.02	46.74	6.08	9.92	24.08
ENSG00000006555.9	1.5	6.73	0	0.12	0.23	0.06	3.09	6.98	0	2.2	0
ENSG00000006576.15	7.21	6.94	12.87	40.47	21.88	13.09	8.55	2.38	14.17	6.73	1.69
ENSG00000006606.7	0	0.22	0	0.57	0	1.38	0	0.59	0.93	0	0
ENSG00000006607.12	17.2	10.87	13.88	26.93	26.32	10.87	24.49	12.38	14.32	12.06	18.16
ENSG00000006611.14	0	0	0	0.07	0	0.16	0	0	0	0	0
ENSG00000006625.16	55.47	48.39	54.37	44.2	58	47.44	56.52	24.14	43.81	88.4	33.11
ENSG00000006634.6	14.05	7.38	18.45	50.84	29.1	13.76	13.34	5.14	23.31	17.85	9.15
ENSG00000006638.10	0.05	0.05	2.18	1.52	1.88	6.45	0.09	0.32	2.56	0.8	0.81
ENSG00000006652.12	13.13	16.47	38.1	58.08	29.8	26.43	19.08	23.89	21.73	12.54	22.4
ENSG00000006659.11	0	0	0	0	0	0	0	0	0	0	0
ENSG00000006695.9	9.97	7.9	19.29	8.95	7.78	8.5	15.22	7.94	10.05	12.29	2.74
ENSG00000006704.9	12.39	19.93	8.67	13.58	8.15	15.85	16.36	22.04	20.62	24.25	40.18
ENSG00000006712.13	41.07	25.41	41	35.21	55.41	64.37	31.43	31.65	53.05	43.32	57.91
ENSG00000006715.14	17.12	16.63	15.91	21.83	19.92	11.01	23.94	8.82	9.72	4.13	6.46
ENSG00000006740.15	0.04	0	1.31	0.14	0.22	5	0	0	0	0.4	0.92
ENSG00000006744.17	67.63	43.43	100.2	54.97	38.96	128.12	71.96	72.87	91.43	142.14	92.92
ENSG00000006747.13	0	0	0	0	0.23	0.07	0.14	0.11	2.17	0	0
ENSG00000006756.14	15.22	0	0	0.19	5.38	2.34	7.55	9	4.71	5	10.25
ENSG00000006757.10	53.09	28.93	7.7	14.02	5.24	6.31	26.55	28.04	14.72	36.85	0
ENSG00000006788.11	0	0	0.01	0	0	0.23	0	0	0	0	0
ENSG00000006831.9	34.91	18.59	21.98	33.26	35.45	16.14	26.68	22.49	29.71	9.58	4.12
ENSG00000006837.10	0.97	0.64	0.29	0.8	0.88	0.15	0.19	0.14	0.11	0	0.31
ENSG00000007001.11	0	0	0	0	0.02	0	0	0	0	0	0
ENSG00000007038.9	14.42	0	0	0.11	0	69.44	14.17	35.11	0	0	0.16
ENSG00000007047.13	24.27	12.85	17.2	15.5	36.01	16.54	18.98	19.83	9.89	14.24	33.78
ENSG00000007062.10	0	0.2	0	0	0.28	0.03	0	0.02	0	0	0
ENSG00000007080.9	118.72	87.34	115.33	79.79	40.31	218.51	131.17	139.2	141.89	185.91	338.1
ENSG00000007129.16	0	0	0	0.08	0	0	0	0	0	0	0
ENSG00000007168.11	49.91	50.09	98.78	106.1	65.06	70.64	60.53	78.8	61.97	52.83	15.47
ENSG00000007171.15	0	0	0	0.44	1.38	0	0	0	0	0	0.03
ENSG00000007174.16	0.02	0.23	0	0.31	0.03	0	0.14	0	0	0.7	0
ENSG00000007202.13	34.55	30.37	33.36	35.92	79.02	40.14	44.72	37.15	77.5	76.4	70.3
ENSG00000007216.13	0	0.9	0	0.06	0	0.03	0	0	0	0	0
ENSG00000007237.17	0	0	0	0.37	0	0.31	0	0	0	0.31	0
ENSG00000007255.9	17.19	34.98	9.66	12.38	12.84	7.91	5.89	11.66	5.54	15.39	47.35
ENSG00000007264.12	0	0	0.71	1.34	1.4	0	0	0	0	0.44	4.19
ENSG00000007306.13	0	0	0	0.38	0	0	0	0	0	0.37	0
ENSG00000007312.11	0	0	0	0.07	0.05	0	0	0.09	0	0	0
ENSG00000007314.10	0	0	0	0.03	0.01	0.02	0	0	0.02	0	0.03
ENSG00000007341.17	9.21	7.38	10.81	15.77	16.31	9.97	6.87	8.98	26.05	4.54	8.52
ENSG00000007350.15	0	0	0	0.03	0	0.05	0	0	0	0	0
ENSG00000007372.19	0.06	0.29	10.24	5.51	15.92	0.12	0.19	0.04	0.26	0	12.57
ENSG00000007376.6	81.49	44.84	47.95	10.81	17.09	31.88	58.2	57.16	51.71	53.97	24.14
ENSG00000007384.14	27.3	33.33	14.21	13.66	14.45	26.22	14.56	60.61	18.25	5.26	12.46
ENSG00000007392.15	23.3	11.87	23.9	12.06	15.11	19.14	18.07	20.82	45.47	22.03	13.91
ENSG00000007402.10	0.22	0.26	0.29	0.2	0.09	0.2	0.03	0.15	0	0	0.38
ENSG00000007516.12	0.81	0.75	0.12	0.05	0	0	0.23	0.67	1.55	0	0.36
ENSG00000007520.3	65.1	40.23	39.5	29.85	30.35	97.09	56.34	64.56	38.86	82.64	84.04
ENSG00000007541.13	37.1	20.44	16.52	12.88	20.31	40.69	19.72	31.63	34.1	12.49	20.45
ENSG00000007545.14	7.81	7.38	6.06	8	9.58	7.38	8.49	4.8	6.64	9.03	21.31
ENSG00000007866.17	11.39	30.3	6.87	8.99	6.35	12.57	8.2	22.85	14.78	7.1	15.09
ENSG00000007908.14	0	0	0	0	0	0	0	0	0.17	0	0
ENSG00000007923.14	47.43	27.77	56.02	29.37	35.34	43.2	40.88	18.13	36.43	48.49	51.75
ENSG00000007933.11	0	0	0	0.2	0.29	1.99	0	0	0	0	0
ENSG00000007944.13	0.29	2.58	0	0.65	0.62	1.88	0.38	0.22	1.38	0.65	1.13
ENSG00000007952.16	0	0.04	0	0	0.07	0.04	0.03	0	0	0	0
ENSG00000007968.6	5.76	3.11	4.74	7.34	4.25	10.77	2.59	1.3	3.32	3.14	2.69
ENSG00000008018.8	122.77	173.71	144.31	169.21	191.72	133.97	194.31	201.8	266.03	202.6	159.51
ENSG00000008056.11	0.39	0	0.41	0.71	0.02	0	0.05	1.14	0.07	0.06	0.75
ENSG00000008083.12	4.3	6.02	8.75	6.68	7.9	6.33	6.4	18.54	6.01	8.91	14.17
ENSG00000008086.9	0.68	1.66	0.8	3.88	2.3	1.23	0.42	0.89	0.4	0.08	0.67
ENSG00000008118.8	0	0.03	0	0.12	0	0.21	0.12	0.08	0	0	0
ENSG00000008128.21	34.56	23.96	39.71	14.04	22.92	35.86	46.11	20.35	37	18.6	85.74
ENSG00000008130.14	37.73	45.78	58.22	21.2	37.56	71.64	57.83	30.05	41.59	46.01	111.26
ENSG00000008196.11	0	0	0.02	0.04	0	0.01	0	0.06	0	0	0
ENSG00000008197.4	0	0	0	0	0	0	0	0	0	0	0
ENSG00000008226.18	0.04	0.04	0.05	0.19	0.26	0	0	0.12	0.15	0	0.02
ENSG00000008256.14	14.13	11.27	10.33	6.99	19.54	31.28	12.39	6.67	11.96	12.69	39.75
ENSG00000008277.13	0.2	0.06	0.56	0.57	0.26	0.11	0	0.03	3.08	0	1.39
ENSG00000008282.6	87.83	38.11	29.83	106.14	27.79	33.28	74.19	51.46	62.64	29.68	9.56
ENSG00000008283.14	64.77	38.88	11.94	1.38	6.17	36.37	22.21	50.42	35.1	33.46	14.32
ENSG00000008294.19	13.34	15.07	20.91	42.04	60.74	25.92	16.42	21.05	21.95	11.97	55
ENSG00000008300.13	6.92	3.16	6.08	4.6	11.02	7.23	2.66	6.26	2.79	2.31	15.29
ENSG00000008311.13	0.36	0.92	0.08	0.4	0.03	0.79	2.28	0.7	9.25	0.09	0.16
ENSG00000008323.14	1.34	4.12	0.04	0.35	0.25	0.23	0.22	2.4	0	1.6	0.24
ENSG00000008324.9	22.02	18.44	29.4	25.1	15.63	14.23	19.24	11.23	23.59	20.86	15.27
ENSG00000008382.14	8.75	8.13	8.25	7.89	8.15	12.5	6.83	11.59	16.95	12.81	24.84
ENSG00000008394.11	502.02	494.06	0	680.51	250.1	140.73	408.2	474.26	204.44	72.15	3.77
ENSG00000008405.10	3.86	1.79	6.08	5.19	7.56	5.42	3.71	7.11	19.11	5.31	15
ENSG00000008438.4	0.23	0	0.4	0.37	0.1	0	0	0	0	0	0
ENSG00000008441.15	33.87	13.98	97.11	112.99	54.94	117.16	38.83	21.9	9.93	36.82	179.81
ENSG00000008513.13	9.02	11.14	5.66	20.75	0.7	32.04	6.81	35.57	4.26	14.5	11.34
ENSG00000008516.15	0.74	1.25	0.32	0.32	0.52	0.45	0.1	1.03	0.13	0.72	2.5
ENSG00000008517.15	0.32	4.37	1.27	2.26	2.82	7.8	10.35	55.08	17.86	11.84	2.71
ENSG00000008710.16	58.82	33.53	70.94	53.73	30.97	151.89	56.32	55.85	57.69	33.45	417.23
ENSG00000008735.13	0.5	0.06	0.43	0.66	3.61	0.34	0.42	0.45	0.25	0.33	1.13
ENSG00000008838.16	81.67	48.25	34.14	32.62	69.9	46.02	82.65	66.32	69.79	64.12	66.4
ENSG00000008853.15	36.52	18.5	22.67	6.07	7.11	18.95	35.25	7.33	9.91	22.97	16.41
ENSG00000008869.10	3.25	4.2	3.31	3.15	2.01	3.54	3.77	3.62	3.17	0.86	0.45
ENSG00000008952.15	35.22	25.26	37.83	57.51	115.27	34.14	33.83	24.03	40.67	13.21	3.79
ENSG00000008988.8	1667.64	1580.66	1557.14	1249.34	779.97	1560.24	1599.44	1312.04	896.64	2880.03	1530.83
ENSG00000009307.14	147.6	175.76	96.59	232.76	763.99	152.62	147.27	128.83	277.28	137.45	109.28
ENSG00000009335.16	5.92	1.28	7.67	9.94	3.57	12.49	5.11	4.1	5.99	4.67	15.15
ENSG00000009413.14	2.74	4.63	5.36	29.01	12.22	11.25	5.61	1.24	4.18	2.12	1.08
ENSG00000009694.12	0	0.12	0	0.02	0.04	0.62	0.11	0	1.09	0.04	0.12
ENSG00000009709.10	0	0	0	2.95	0	0.03	0	0	0	0	0.05
ENSG00000009724.15	1.11	0.58	0.39	0.76	0.55	0.92	0.91	0.35	0.68	0.25	3.48
ENSG00000009765.13	0	0.62	0.06	0.75	0.34	0.64	0.04	0.01	0.31	0.1	0.22
ENSG00000009780.14	3.52	3.11	4.6	5.39	2.71	4.48	3.06	2.84	4.54	0.42	0.59
ENSG00000009790.13	0.07	2.63	0	0.23	0.06	0.02	0.68	0.03	0.02	0.68	1.2
ENSG00000009830.10	14.91	12.65	8.35	22.82	41.65	14.3	14.48	9.67	9.99	16.13	26.76
ENSG00000009844.14	16.37	22.01	57.66	32.89	55.59	25.62	24.98	29.32	32.67	11.24	8.58
ENSG00000009950.14	3.25	0	0.26	1.18	0.37	1.27	0.14	0	0.23	0.4	0.41
ENSG00000009954.9	25.07	12.77	27.06	36.38	42.87	38.84	28.08	11.92	45.12	24.33	23.37
ENSG00000010017.12	4.46	11.93	31.75	27.35	32.61	17.06	13.75	18.97	28.37	3.95	22.51
ENSG00000010030.12	0.67	1.34	0.05	0	0.11	0	0.29	0.27	0	0	0.08
ENSG00000010072.14	14.94	13.2	8.54	6.81	24.88	6.56	18.34	7.01	12.51	22.26	8.15
ENSG00000010165.18	34.46	22	41.71	35.87	31.51	26.23	38.02	26.81	37.76	54.07	26.94
ENSG00000010219.12	61.23	25.97	29.06	3.41	33.17	13.36	36.49	35.81	20.05	30.73	32.29
ENSG00000010244.15	124.81	88.86	121.95	114.88	162.62	79.67	124.47	117.51	92.16	103.18	50.62
ENSG00000010256.9	366.97	449.49	214.12	411.6	256.14	237.19	415.56	352.15	247.09	404.5	236.03
ENSG00000010270.12	19.7	10.41	28.16	30.36	33.66	21.04	24.21	25.06	33.95	16.67	20.48
ENSG00000010278.10	286.97	287.32	6.24	12.37	27.61	14.71	122.93	170.41	158.99	307.05	90.59
ENSG00000010282.13	0	0.71	0	0.13	0	0	0.3	0	0	0	0.12
ENSG00000010292.11	96.18	43.26	35.72	184.41	91.87	65.99	60.77	14.7	130.15	66.75	61.59
ENSG00000010295.18	0	0	0.02	0.3	0.12	20.82	0	0	5.31	0.07	0.47
ENSG00000010310.7	0	0.37	0	0.09	0.49	0.14	0	1.85	0.26	0.34	4.94
ENSG00000010318.18	3.92	4	4.67	27.91	9.97	5.61	5.2	2.95	15.77	3.47	17.41
ENSG00000010319.5	0	0	0	0	0	0.21	0	0.13	1.77	0	0
ENSG00000010322.14	36.89	44.96	30.7	31.18	25.63	21.97	18.56	17.85	20.48	16.04	48.97
ENSG00000010327.9	0.04	0	0	0.17	0.04	0.11	0	0	0	0	0.16
ENSG00000010361.12	4.46	8.47	9.89	0.14	2.01	14.69	4.16	8.57	0	7.07	18.65
ENSG00000010379.14	0	0	0	0.14	0.06	0.48	0	0	1.08	0.11	0.3
ENSG00000010404.16	27.6	29.98	38.68	22.81	21.64	32.69	15.49	33.83	130.58	13.35	84.57
ENSG00000010438.15	156.78	6.7	0	0.62	0	0	3.22	199.19	37.66	18.06	0
ENSG00000010539.10	4.37	2.57	7	5.52	7.28	3.3	3.33	4.63	4.33	2.28	4.49
ENSG00000010610.8	0	0.18	0.04	0.34	0.09	0.54	0	0.52	0	0	0.03
ENSG00000010626.13	5.18	1.3	1.57	6.56	1.51	3.08	1.21	3.09	1.89	3.92	6.19
ENSG00000010671.14	0	0	0	0.27	0.05	0	0	0	0.13	0.07	0.09
ENSG00000010704.17	5.2	5.78	1.99	7.19	5.43	2.41	3.95	4.39	5.11	7.18	7.76
ENSG00000010803.15	17.99	13.35	19.27	26.92	24.28	24.72	17.67	14.36	14.04	23.65	51.68
ENSG00000010810.16	17.09	19.54	6.74	18.36	13.49	58.55	5.4	30.41	29.17	1.03	39.59
ENSG00000010818.7	2.83	3.26	3.47	6.89	2.82	7.82	7.71	5.28	3.65	2.41	3.17
ENSG00000010932.14	0	0.51	0	0.28	0	0.13	0	0	0	0	0
ENSG00000011007.11	29.12	17.71	35.75	32.78	33.91	35.59	29.94	30.54	38.43	33.6	28.74
ENSG00000011009.9	78.46	73.73	34.83	14.58	10.21	71.52	65.6	137.91	52.11	99.02	63.76
ENSG00000011021.20	4.6	2.16	6.91	6.92	3.43	6.78	2.35	1.86	2.16	2.83	7.17
ENSG00000011028.12	16.96	21.71	57.29	8.73	32.63	66.99	4.42	3.99	18.02	3.12	105.55
ENSG00000011052.20	14.38	7.63	6.86	3.2	17.93	33.53	9.57	18.86	13.76	12.9	20.98
ENSG00000011083.7	0	0	0	0.02	0	0	0	0.02	0	0	0
ENSG00000011105.10	6.7	5.91	20.38	27.82	39.68	10.75	9.09	15.58	4.49	13.31	6.88
ENSG00000011114.13	7.91	7.13	6.59	17.78	10.62	7.67	7.91	7.26	6.65	5.48	9.97
ENSG00000011132.10	6.93	11.58	9.51	3.49	5.77	16.05	13.38	16.73	12.99	12.86	55.93
ENSG00000011143.15	16.17	13.4	7.03	9.52	18.18	7.21	9.13	10.37	8.67	9.15	26.57
ENSG00000011198.6	13.92	38.48	20.89	19.02	7.62	13.78	16.34	16.8	16.03	4.13	1.2
ENSG00000011201.9	0.09	0.61	13.86	6.08	0	2.93	0	0	5.2	0	0
ENSG00000011243.16	40.82	40.83	31.75	60.16	54	37.15	50.57	47.84	42.72	45.17	75.3
ENSG00000011258.14	1.8	2.21	1.56	1.54	2.57	1.28	1.5	1.04	2.06	0.25	0.37
ENSG00000011260.12	22.31	10.11	27.23	25.29	54.39	17.11	24.45	15.89	37.98	7.77	3.77
ENSG00000011275.17	8.14	4.99	23.59	20.43	18.59	16.38	10.87	9.82	13.53	11.52	22.62
ENSG00000011295.14	14.75	37.99	28.68	34.76	11.58	14.65	10.65	13.17	22.92	8.45	14.17
ENSG00000011304.15	426.73	218.65	406.24	197.93	302.23	559.72	372.35	261.55	395.37	436.61	696.59
ENSG00000011332.18	6.76	0.72	10.92	4.17	4.46	28.27	2.86	0.87	7.38	1.19	4.65
ENSG00000011347.8	3.57	5.67	0.9	29.13	2.16	1.5	0.99	3.02	0.83	4.03	6.03
ENSG00000011376.8	17.6	5.94	13.95	16.14	11.71	9.61	12.39	9.97	13.78	9.76	5.9
ENSG00000011405.12	4.92	5.64	7.51	7.68	19.62	4.54	8.45	3.72	4.19	1.1	0.51
ENSG00000011422.10	20.97	22.4	61.06	8.97	23.09	106.9	26.57	158.22	120.24	47.03	83.32
ENSG00000011426.9	71.88	35.52	99.84	113.23	112.53	118.59	86.83	19.17	152.63	55.17	36.96
ENSG00000011451.16	27.19	19.75	37.48	18.24	15.98	42.95	26.25	26.19	27.34	26.45	48.96
ENSG00000011454.15	12.02	12.59	15.99	11.86	20.18	5.73	7.4	6.37	9.2	3.89	6.1
ENSG00000011465.15	0	0.36	133.14	27.12	0.09	32.39	35.16	0.05	0	2.17	0
ENSG00000011478.10	11.21	8.23	26.23	10.06	10.49	23.03	12.72	9.58	18.34	11.1	18.28
ENSG00000011485.13	84.88	47.8	86.07	39.24	121.3	94.82	114.61	83.3	105.01	105.09	50.67
ENSG00000011523.12	3.68	5.86	1.96	4.69	5.53	5.73	3.44	2.65	2.4	4.58	6.56
ENSG00000011566.13	3.29	5.13	4.05	8.44	3.09	4.04	3.68	3.12	2.92	6.6	3.07
ENSG00000011590.12	0.08	0.09	0.03	0.21	0.5	0.08	0	0	0	0.25	0.4
ENSG00000011600.10	0	0	0	0	0	0.35	0	0	0	0	0
ENSG00000011638.9	20.55	53.02	13.01	22.82	7.73	9.16	14.97	32.79	5.92	17.79	25.47
ENSG00000011677.11	5.88	0	0	0	0	1.88	0	0	5.42	0	4.26
ENSG00000012048.18	15.36	5.97	5.72	6.56	9.13	29.57	11.3	7.43	14.83	18.01	18.69
ENSG00000012061.14	79.42	48.2	60.78	41	79.97	127.21	66.98	102.26	60.88	61.57	121.54
ENSG00000012124.13	1.93	2.56	0.18	4.49	1.18	6.99	1.07	2.47	3.8	1.11	1.31
ENSG00000012171.16	15.12	55.08	2.96	0.29	1.02	7.93	2.5	50.38	1.19	2.33	9.56
ENSG00000012174.10	6.94	3.68	15.86	8.24	8.6	3.47	5.44	5.52	8.04	0.41	11.33
ENSG00000012211.11	24.07	22.24	10.53	5.89	2.76	3.84	20.17	14.95	3.74	17.53	35.59
ENSG00000012223.11	0	0	0.18	0.26	0	0	1.74	0.07	0	0.73	0
ENSG00000012232.7	14.69	14.58	15.3	12.84	12.04	14.49	20.93	17.39	12.63	17.13	15.35
ENSG00000012504.12	0	0	0	0	0	0	0	0	0	0	0
ENSG00000012660.12	29.4	43.41	71.6	69.49	72.05	53.85	37.79	36.47	47.91	48.73	85.23
ENSG00000012779.9	15.05	1.14	0	0	0	0	0	0	0	0.09	0.06
ENSG00000012817.14	0	0	0	0.19	0.07	0.08	0	0	0	0.29	0.44
ENSG00000012822.14	18.17	103.09	10.88	11.04	12.76	10.85	25.17	35.07	9.28	8.74	44.83
ENSG00000012963.12	21.06	8.66	12.46	39.84	20.06	38.55	18.26	16.95	26.41	27.08	23.82
ENSG00000012983.10	13.91	15.54	9.89	21.07	24	23.42	13.56	13.87	24.21	15.73	20.79
ENSG00000013016.13	5.29	2.24	8.55	4.02	2.26	7.12	0.03	2.7	0	2.44	31.95
ENSG00000013275.6	118.26	59.8	116.83	48.65	125.69	226.03	98.35	136.85	111.52	163.86	132.34
ENSG00000013288.7	13.36	10.63	13.97	4.8	6.27	13.57	8.5	18.81	15.97	9.53	19.45
ENSG00000013293.5	0.02	0.02	0.05	0.26	0.06	0.14	0.01	0.06	0.02	0	0.03
ENSG00000013297.9	0.23	0.29	0.05	0.7	0.88	0.61	0.08	0.19	0.09	0	0.12
ENSG00000013306.14	159.1	166.19	133.85	54.49	148.51	96.52	170.15	241.38	172.4	279.02	213.11
ENSG00000013364.17	47.88	117.18	30.02	91.11	24.51	77.28	45.41	167.76	29	65.51	193.95
ENSG00000013374.14	22.73	20.06	16.16	82.75	34.19	32.79	31.52	18.12	29.35	23.13	71.65
ENSG00000013375.14	1.72	5.19	14.84	23.2	12.26	8.92	9.82	15.12	10.69	10.04	6.39
ENSG00000013392.7	0.31	0.6	1.31	1.59	0.65	0.51	0.78	1.16	1.15	0.16	0.52
ENSG00000013441.14	22.15	15.84	11.71	23.53	21.94	10.38	13.93	11.84	11.71	3.14	2.42
ENSG00000013503.8	2.18	3.62	3.73	4.7	7.18	5.51	5.77	3.74	6.02	4.67	2.67
ENSG00000013523.8	9.59	3.06	6.19	10.02	13.44	1.3	11.32	4.76	1.94	10.52	15.15
ENSG00000013561.16	22.68	39.49	38.92	36.81	41.2	27.18	44.51	31.08	31.34	11.82	23
ENSG00000013563.12	27	15.37	18.09	35.55	15.85	39.01	24.47	60.24	16.46	18.59	22.05
ENSG00000013573.15	66.18	16.2	22.74	57.5	46.33	42.81	55.01	17.15	76.07	7.77	60.87
ENSG00000013583.7	37.77	36.09	22.85	67.3	54.27	12.73	28.33	29.03	44.94	35.91	41.63
ENSG00000013588.5	219.54	170.58	8.27	0.34	15.68	8.37	65.47	457.84	37.31	86.15	36.43
ENSG00000013619.12	2.24	3.36	27.9	1.91	1.34	9.35	1.56	3.99	14.03	2.6	3.32
ENSG00000013725.13	0	0	0	0.51	0.1	0.21	0	0	0	0	0
ENSG00000013810.17	72.48	32.67	47.14	39.15	51.62	72.08	53.55	21.37	104.65	63.71	48.56
ENSG00000014123.9	3.41	6.13	6.76	4.12	7.54	4.6	7	4.92	4.75	1.3	1.53
ENSG00000014138.7	20.19	2.92	21	40.32	19.16	39.74	17.92	6.06	11.01	12.5	6.98
ENSG00000014164.6	16.18	13.02	19.43	12.18	1.47	25.83	20.58	26.56	13.6	31.8	26.53
ENSG00000014216.14	314.67	355.85	56.39	79.48	40.32	50.3	219.28	222.51	62.84	181.12	50.09
ENSG00000014257.14	0	3.27	0	0.08	0	0	0.07	1.68	0.21	0.18	0
ENSG00000014641.16	132.7	102.4	78.9	92.73	147.87	63.4	108.06	76.29	163.58	100.98	65.78
ENSG00000014824.12	14.05	12.09	11.54	26.39	20.68	9.13	12.29	18.4	11.84	16.57	30.8
ENSG00000014914.18	6.64	7.1	8.83	12.29	5.44	3.87	16.48	16.7	67.56	13.79	48.09
ENSG00000014919.11	13.88	7.78	11.67	3.2	8.92	6.25	10.59	11.27	15.01	16.66	14.69
ENSG00000015133.17	3.16	9.8	2.51	4.89	0.75	0.41	8.35	2.89	6.46	6.59	5.5
ENSG00000015153.13	9	4.74	8.16	7.12	2.58	5.42	7.31	5.35	6.69	3.65	5.4
ENSG00000015171.17	17.46	14.21	30.84	29.4	50.46	15.85	20.03	14.95	24.25	6.58	17.55
ENSG00000015285.9	0.63	0	0.16	0.36	0.94	0.64	0.04	0	0.04	0	0.45
ENSG00000015413.8	0	0	0	0	0	0.2	0	0	0.24	0.76	0
ENSG00000015475.17	56.18	26.86	51.82	10.95	60.43	49.24	45.85	156.99	48	32.68	2.11
ENSG00000015479.16	72.13	58.26	128.62	157.92	139.31	81.41	89.18	62.38	127.92	55.27	11.73
ENSG00000015520.13	0.02	0	0.07	0.14	0.01	0.05	0	0.02	0.05	0	0.11
ENSG00000015532.8	17.53	21.43	11.76	11.45	13.42	16.32	8.6	13.29	12.18	18.58	15.73
ENSG00000015568.11	2.33	0.27	0.61	1.56	1.86	1.01	0.74	0.87	0.53	3.58	2.96
ENSG00000015592.15	0	0	0	0	0.06	0	0	0	0	0	0.4
ENSG00000015676.16	49.97	45.84	60.81	48.01	63.18	72.09	66.89	40.91	56.3	109.53	115.35
ENSG00000016082.13	5.77	0.98	0	0	0.06	0	0.09	1.03	0.51	0.75	1.07
ENSG00000016391.9	0	0	0.41	0.37	0.18	0	0.84	0.04	0	0.52	1.84
ENSG00000016402.11	0.74	0	0	0	0.07	0	5.11	0.25	0.11	0.41	0
ENSG00000016490.14	0	0	0	0	0	0	0	0	0	0	0
ENSG00000016602.9	0	2.1	0	0.04	0	0	0.09	0.06	0	0.06	0
ENSG00000016864.15	30.98	33.89	38.82	59.59	17.39	21.54	35.68	21.97	33.97	6.73	19.62
ENSG00000017260.18	46.6	48.78	24.01	66.6	69.2	44	24.33	31.46	33.04	12.07	6.75
ENSG00000017427.14	0	0	0.52	0	0	0	0	0	0	0	0
ENSG00000017483.13	0.54	0.38	0	0.22	43.42	0.29	0.11	0.21	0.04	0.33	0.87
ENSG00000017797.10	30.73	35.59	22.55	26.51	45.43	24.92	31.5	21.48	40.41	23.61	43.99
ENSG00000018189.11	5.15	10	3.82	3.49	6.74	3.53	3.13	4.54	4.11	1.24	11.48
ENSG00000018236.13	1.43	0.57	0.04	0.02	0.09	0	0	0	0.4	0.75	0
ENSG00000018280.15	0.39	0.04	0	0.06	0.49	0.01	0.1	1.5	0.36	0.8	0.16
ENSG00000018408.13	19.45	6.22	30.43	90.37	100.56	33.93	11.43	21.36	20.94	29.67	75.76
ENSG00000018510.11	6.75	4.27	6.15	12.4	14.99	11.66	6.05	5.64	10.24	2.66	23.88
ENSG00000018607.6	0	0	0	0	0	0	0	0	0	0	0
ENSG00000018610.12	1.82	0.31	4.08	6.9	8.7	0.72	0	0	2.54	0.33	4.34
ENSG00000018625.13	0.04	0.14	0	1.49	0	0.31	0	0.43	0.05	0	0.02
ENSG00000018699.10	10.27	4.63	9.37	13.17	8	4.7	10.95	8.7	10.16	7.65	3.8
ENSG00000018869.15	0	0.44	1.4	0.91	1.55	0.25	0	2.43	0	0	0.28
ENSG00000019102.10	0.12	0	0	0	0	0.12	0.07	0	0.52	0	0
ENSG00000019144.15	35.07	19.03	9.5	10.15	15.23	28.56	16.11	11.52	17.51	34.87	30.12
ENSG00000019169.10	0	5.97	0	0	0	0	0.64	3.17	0	1.17	0.06
ENSG00000019186.8	1.03	0.49	0	0.31	16.52	0.37	0.14	0.09	3.75	0.19	0
ENSG00000019485.11	3.12	5.25	7.18	1.27	0.84	4.3	1.46	1.58	2.28	2	2.26
ENSG00000019505.6	0	0	0	0.02	0.03	0.02	0	0	0	0	0
ENSG00000019549.7	60.98	34.28	24.97	29.25	34.8	39.96	43.92	64.4	4.54	58.15	35.11
ENSG00000019582.13	6.27	0	0	6.85	0.62	0.19	0.68	1.17	0.39	0.59	1.74
ENSG00000019991.14	0	0	0	0.4	0	0	0	0.05	0	0	0
ENSG00000019995.6	3.78	2.85	4.47	9.96	15.61	5.02	3.52	2.8	3.12	1.2	1.71
ENSG00000020129.14	22.83	19.47	32.73	9.05	10.69	82.27	14.23	23.1	18.53	24.27	85.91
ENSG00000020181.16	0.27	0	5.56	1.95	0.44	6.91	0	0	0.42	0	1.88
ENSG00000020219.9	0	0.05	0	0.22	0	0	0	0	0	0	0
ENSG00000020256.18	37.49	11.51	16.78	11.99	20.17	13.36	16.28	13.07	6.47	29.77	16.14
ENSG00000020426.9	27.72	15.77	30.02	28.5	44.93	15.3	22.95	21.31	41.06	8.67	9.3
ENSG00000020577.12	20.54	9.38	17.71	2.14	16.2	24.14	7.88	8.56	21.28	11.03	29.93
ENSG00000020633.17	0	0	0	7.39	21.42	0	0	0	0	0.62	18.19
ENSG00000020922.11	5.89	5.9	6.01	8.27	27.27	5.45	12.05	4.61	8.96	0	0.58
ENSG00000021300.12	0.06	0.16	0.11	0.18	0.12	0.31	0.12	0.22	3.2	0	5.95
ENSG00000021355.11	0	7.84	0	0	13.63	5.63	13.7	110.02	15.74	19.3	0
ENSG00000021461.15	0	0.29	0	0.12	0	0	0.3	0	0	0	0
ENSG00000021488.11	0.04	0	0	0	0.24	0	0	0	0.11	0.29	1.44
ENSG00000021574.10	3.26	2.54	3.48	3.78	3.99	2.76	3.49	2.5	4.5	0.59	1.67
ENSG00000021645.16	1.62	0.89	5.78	0.12	0.01	1	0	0	0.02	0	0.33
ENSG00000021762.18	30.94	56.89	5.87	4.25	3.38	4.65	41.55	36.98	5.58	34.1	12.44
ENSG00000021776.9	13.26	5.66	16.29	11.32	9.45	3.45	9.6	7.96	8.71	3.75	2.94
ENSG00000021826.13	5.35	3.18	4.34	0.46	13.34	2.12	1.65	1.5	0.5	0.51	0.64
ENSG00000021852.11	0	0	0	0	0	0	0	0	0	0	0
ENSG00000022267.15	3.65	1.49	70.38	44.09	4.81	337.97	20.62	0.72	6.74	1.32	82.6
ENSG00000022277.11	81.38	62.16	106.69	113.51	99.32	80.34	70.86	54.18	82.33	80.36	50.51
ENSG00000022355.13	0	0	0	0	0	0	0	0	0	0	0
ENSG00000022556.14	0	0	0	11.82	18.5	1.35	0	0	0	0.92	0
ENSG00000022567.8	1.78	1.04	4.65	1.46	1.33	8.96	4.17	2.42	0.59	4.11	7.18
ENSG00000022840.14	34.98	77.69	45.44	74.95	84.96	42.93	54.55	45.45	66.99	98.73	105.87
ENSG00000022976.14	6.84	3.24	4.11	7.07	9.43	4.39	4.81	6.37	9.99	6.9	17.15
ENSG00000023041.10	22.36	12.94	18.08	10.24	16.22	6.39	17.26	10.88	14.94	5.26	4.54
ENSG00000023171.13	0	0	0	0.04	0.19	1.18	0.28	0.7	0	0	0
ENSG00000023191.15	171.9	130.89	82.88	56.13	60.18	545.96	183.09	173.74	174.93	149.82	328.03
ENSG00000023228.12	39.92	13.91	39.8	46.71	62.12	32.61	54.05	35.23	51.47	10.01	5.09
ENSG00000023287.11	4.57	7.18	8.82	11.78	8.19	6.69	7.42	4.7	5.34	8.77	38.36
ENSG00000023318.7	8.99	7.47	15.73	15.18	14.91	4.51	9.56	5.62	5.88	6.45	2.78
ENSG00000023330.13	29.42	13.11	60.81	46.84	24.69	44.66	20.08	51.84	59.15	35.99	37.62
ENSG00000023445.12	2.93	5.09	2.01	1.18	2.4	0.99	15.59	23.88	3.69	0.57	0.55
ENSG00000023516.8	1.48	1.85	0.7	4.19	3.46	0.49	1.77	0	1.73	0.51	0
ENSG00000023572.7	9.44	4.92	34.52	18.62	12.06	11.51	19.64	8.79	13.68	27.21	26.1
ENSG00000023608.4	2.81	3.18	5.63	7.57	14.3	6.5	3.27	4.35	39.52	2.83	8.43
ENSG00000023697.11	51.68	55.11	20.42	30.78	16.37	10.93	28.58	41.15	22.67	39.72	6.25
ENSG00000023734.9	126.36	53.52	91.36	138.26	136.21	52.16	91.52	62.78	84.7	24.17	3.89
ENSG00000023839.9	0.53	25.54	0.29	1.38	0.53	0	3.52	1.51	0	3.3	0
ENSG00000023892.10	8.21	18.89	0	16.41	3.46	3.62	12.81	5.03	19.02	27.63	11.07
ENSG00000023902.12	2.82	0.91	20.72	5.99	6.5	21.34	6.91	6.5	9.6	6.33	9.29
ENSG00000023909.8	23.94	15.18	20.02	190.5	38.07	15.54	12.98	18.69	35.81	1.14	4.72
ENSG00000024048.9	1.9	5.79	4.22	12.94	5.43	3.83	5.53	3.19	4.3	0	0.65
ENSG00000024422.10	122.17	106.43	86.61	23.63	33.15	300.68	95.05	87.8	31.43	112.45	129.87
ENSG00000024526.15	6.96	3.98	12.29	27.79	30.36	5.17	7.57	0.99	16.17	1.59	3.2
ENSG00000024862.15	3.49	9.11	3.92	12.03	10.57	3.68	7.01	3.85	5.97	4.06	2.47
ENSG00000025039.13	0.94	0.67	1.59	0.19	0.52	0.09	0.78	0.65	4.48	0.71	0.5
ENSG00000025156.11	4.41	3.15	17.38	24.88	10.2	6.21	6.74	3.81	14.05	1.36	1.89
ENSG00000025293.14	20.64	26.32	33.57	26.67	29.95	17.45	28.75	13.48	23.26	30.44	34.48
ENSG00000025423.10	1.24	2.54	0.34	3.26	0.8	1.26	0.59	0.41	2.09	0.44	3.79
ENSG00000025434.17	21.82	4.07	0.84	8.46	11.08	1.63	5.96	14.33	2.56	3.36	8.85
ENSG00000025708.11	0.89	0.62	0.83	2.36	7.38	2.29	21.66	122.4	0.05	28.77	10.29
ENSG00000025770.17	44.51	16.85	31.78	88.31	83.67	91.46	31.66	24.87	42.36	29.2	27.31
ENSG00000025772.7	48.34	28.36	59.56	83.14	54.54	43.52	47.06	49.15	126.78	48.17	51.54
ENSG00000025796.12	5.71	9.96	22.63	69.91	47.03	12.46	14.22	9.37	12.5	2.42	6.4
ENSG00000025800.12	19.41	17.83	22.59	22.81	37.27	18.63	21.2	17.23	20.63	9.8	17.79
ENSG00000026025.12	9.4	2.26	1485.71	1431.52	1276.23	4667.79	556.89	1691.54	1414.74	1118.95	10785.33
ENSG00000026036.19	7.96	1.41	8.06	1.74	1.82	8.74	3.29	8.08	9.08	1.73	4.89
ENSG00000026103.18	35.57	13.38	17.96	16.58	6.15	5.48	24.05	33.69	3.53	19.44	2.52
ENSG00000026297.14	5.1	11.64	10.44	6.79	4.18	7.28	15.59	14	22.4	14.4	7.53
ENSG00000026508.15	540.05	344.64	459.37	268.17	302.9	1492.54	438.53	561.11	256.97	342.76	683.08
ENSG00000026559.12	6.95	24.27	0.69	7.75	0.55	12.57	1.59	1.05	0	0.86	20.31
ENSG00000026652.12	0.93	2.11	2.86	1.21	2.16	1.63	2.35	5.45	3.24	5.76	8.89
ENSG00000026751.15	6.96	3.25	0	0.04	0	1.59	0.29	1.28	10.87	0.09	0
ENSG00000026950.15	0.41	3.3	0.82	6.91	4.78	1.06	1.33	2.7	1.64	0.47	3.2
ENSG00000027001.8	19.69	12.44	25.7	8.9	8.56	3.42	27.49	9.97	5.33	42.01	11.46
ENSG00000027075.12	4.81	9.25	1.39	0.85	2.51	0.71	8.88	3.61	1.37	7.49	3.6
ENSG00000027644.4	0	0	0	0.01	0	0.02	0	0	0	0	0
ENSG00000027697.11	8.28	71.17	16.18	58.74	39.78	14.22	29.07	34.15	12.57	14.32	44.26
ENSG00000027847.12	29.48	31.56	22.94	9.67	3.24	32.73	28.78	38.32	22.93	24.86	69.24
ENSG00000027869.10	0.65	0	0	0.41	0.43	0.28	22.92	78.36	0	5.65	0.61
ENSG00000028116.15	13.9	11.33	2.4	15.1	10.46	10.98	9.02	13.99	13.03	5.41	5.11
ENSG00000028137.15	0	0	0.02	0.63	0.16	0.12	0	0	0.15	0	1.27
ENSG00000028203.16	12.38	34.54	16.15	16.62	26.59	6.68	34.48	39.01	30.72	9.82	4.5
ENSG00000028277.19	0.3	0.09	0.06	0.14	0.02	0.39	0.46	1.09	0.27	0	0.35
ENSG00000028310.16	29.44	17.32	31.9	42.78	54.88	45.64	33.07	31.51	38.27	30.04	35.15
ENSG00000028528.13	49.94	37.64	34.76	41.43	23.13	33.35	27.07	39.91	43.75	49.67	59.03
ENSG00000028839.8	6.63	11.64	17.21	24.64	23.57	16.48	21.25	17.48	12.45	17.48	33.15
ENSG00000029153.13	6.11	1.85	3.25	3.94	3.59	2.04	3.01	13.22	3.6	1.02	0.99
ENSG00000029363.14	36.41	30.32	80.85	95.1	120.91	37.06	58.9	23.6	53.23	5.53	5.66
ENSG00000029364.10	22.36	30.07	15.88	31.11	33.97	27.18	25.85	23.94	22.77	28.4	23.47
ENSG00000029534.18	0.34	0.15	9.12	4.39	3.43	5.14	0.68	0.53	2.24	1.21	9.71
ENSG00000029559.6	0	0	0	0.1	0	0.04	0	0	0	0	0.15
ENSG00000029639.9	4.53	3.03	10.41	12.02	8.44	5.34	16.15	13.12	5.57	10.71	11.82
ENSG00000029725.15	11.61	8.48	38.17	33.47	25.35	14.33	16.12	12.25	13.89	10.41	2.61
ENSG00000029993.13	71.24	67.38	85.96	146.43	111.7	10.87	103.59	37.88	87.13	7.46	5.38
ENSG00000030066.12	15.41	5.73	18	22.53	40.13	13.04	16.86	8.6	39.08	5.29	4.9
ENSG00000030110.11	24.05	23.58	31.26	13.45	37.77	35.55	36.98	38.23	26.4	77.15	39.18
ENSG00000030304.11	0.06	0	0	0.19	0	0.16	0	0	0.07	0	0
ENSG00000030419.15	4.57	4.07	1.65	0	0.78	1.84	1.94	2.28	0.87	2.53	1.55
ENSG00000030582.15	255.42	884.18	223.17	82.5	79.65	162.79	207.91	445.4	229.86	274.33	210.39
ENSG00000031003.9	2.79	4.93	7.2	0.58	2.47	2.58	1.25	1.58	3.1	0.84	2.87
ENSG00000031081.9	1.36	0.96	6.15	0.76	12.78	8.07	2.16	5.92	7.04	0.51	2.02
ENSG00000031691.6	0.48	0.85	6.07	5.11	6.64	7.93	3.38	1.38	12.61	0	0.19
ENSG00000031698.11	113.55	130.51	126.21	94.17	217.07	76.94	97.95	90.3	157.68	107.96	282.18
ENSG00000031823.13	49.52	27.76	42.58	19.84	34.41	68.03	47.92	30.96	60.66	41.61	79.52
ENSG00000032219.17	1.62	2.84	2.71	16.97	7.79	0.98	3.59	1.34	2.12	1.44	7.74
ENSG00000032389.11	30.23	20.63	17.23	22.5	24.58	26.66	29.18	31.1	41.91	46.84	24.43
ENSG00000032444.14	29.12	37.07	14.91	18.5	12.05	67.13	46.58	41.87	27.6	38.2	102.57
ENSG00000032742.16	2.62	1.38	3.81	4.1	7	0.85	3.95	1.93	2.58	1.53	1.36
ENSG00000033011.10	67.8	21.29	33.01	21.03	33.8	58.32	30.07	40.94	40.15	41.13	32.74
ENSG00000033030.12	3.3	7.87	11.35	12.94	12.91	3.83	9.05	5.23	15.24	7.07	7.76
ENSG00000033050.6	56.56	25.66	56	139.99	83.75	85.58	67.72	58.43	58.02	110.25	137.66
ENSG00000033100.13	25.86	22.07	13.91	38.15	15.51	24.15	27.66	30.21	19.66	35.3	45.14
ENSG00000033122.17	0.05	0.04	3.8	0.02	0.17	0.1	0	0	0.04	0	0
ENSG00000033170.15	8.5	4.2	12.06	38.32	30.44	20.38	6.87	20.29	16.32	4.65	4.89
ENSG00000033178.11	23.99	12.49	18.1	16.96	46.11	12.75	20.81	22.66	23.55	7.23	15.09
ENSG00000033327.11	0	0.59	0.5	0	1.18	0.19	0.98	0	3.12	0.35	12.81
ENSG00000033627.13	12.84	26.73	11.73	15.98	17.11	22.62	11.09	23.81	23.4	20.72	54.05
ENSG00000033800.12	17.94	28.53	19.86	24.44	8.07	8.2	13.32	10.85	16.54	13.52	17.1
ENSG00000033867.15	7.74	6.26	13	17.21	16.23	10.03	6.67	3.87	10.38	1.14	2.6
ENSG00000034053.13	10.82	1.21	14.35	0.96	5.56	6.67	0	0	15.6	9.4	8.3
ENSG00000034152.17	57.43	46.61	68.1	18.59	37.42	98.29	44.37	80.59	55	46.71	59.87
ENSG00000034239.9	0	0	0.07	0	1.47	0.08	0.14	0.34	0	0.09	1.86
ENSG00000034510.5	3221.05	3548.74	2428.78	1987.6	1065.99	1548.55	3264.72	4161.84	2373	6439.47	3732.8
ENSG00000034533.10	3.32	1.39	6.61	6.16	5.44	3.23	1.74	1.93	2.01	2.24	0.43
ENSG00000034677.10	7.44	16.31	8.36	8.98	15.33	22.89	15.66	2.57	9.63	16.76	48.41
ENSG00000034693.13	7.89	12.03	11.16	14.19	16.44	5.73	8.48	6.35	6.81	0.58	1.89
ENSG00000034713.6	45.08	59.03	61.42	63.46	47.99	26.58	50.05	45.54	46.3	35.08	102.57
ENSG00000034971.13	0	0	0	0	0	0	0	0	0	0	0
ENSG00000035115.20	26.82	35.38	7.6	4.37	4.01	1.96	33.22	13.63	1.64	39.76	7.66
ENSG00000035141.6	36.06	16.22	65.44	27.22	53.8	40.27	35.34	37.16	102.83	45.74	24.95
ENSG00000035403.15	38.06	25.35	123.44	51.6	97.55	256.44	37.94	35.41	83.38	51.88	83.33
ENSG00000035499.11	16.31	13.89	9.21	17.1	12.85	3.76	11.32	3.31	25.6	13.14	2.26
ENSG00000035664.10	0.51	11.72	1.4	3.2	1.59	3.15	1.86	2.7	2.24	4.07	0.58
ENSG00000035681.6	26.82	15	25.94	28.79	16.44	21.07	35.49	15.55	17.33	64.84	60.13
ENSG00000035687.9	16.94	24	17.31	28.61	35.17	13.12	63.67	18.32	26.45	23.36	8.24
ENSG00000035720.6	0	0	0	0	0	0	0	0	0	0	0
ENSG00000035862.11	21.98	28.35	87.92	164.28	132.15	65.41	33.5	96.57	83.59	15.9	208.53
ENSG00000035928.13	24.65	11.89	25.06	47.67	64	16.1	16.72	10.99	19.98	5.74	3.56
ENSG00000036054.11	11.03	11.56	15.62	10.32	9.57	9.08	8.38	6.54	8.16	3.83	2.48
ENSG00000036257.11	33.89	11.18	34.21	79.15	78.37	24.69	28.28	21.02	38.68	9.51	7.94
ENSG00000036448.8	3.31	0	0.8	8.13	0.15	0.36	0	0	1.66	0	0.51
ENSG00000036473.6	0	0	0	0	0	0	0	0	0	0	0
ENSG00000036530.7	0.08	0.01	0.16	0.59	0.28	0.44	0	0.01	0	0	1.51
ENSG00000036549.11	9.95	8.06	16.2	10.9	17.31	10.06	9.59	9.52	19.63	8.87	21.44
ENSG00000036565.13	0	0	0	0.09	0	0	0	0.13	0	0	0
ENSG00000036672.14	0.43	4.09	2.18	4.89	1.16	0.57	0.03	0.1	0.86	0.67	0.3
ENSG00000036828.12	0	0	0	0	0	0.03	0	0	0	0	0
ENSG00000037042.8	33.96	12.37	12.99	10.04	20.08	13.97	11.38	28.53	7.94	17.99	17.7
ENSG00000037241.6	93.4	75.36	103.53	114.49	110.15	107.37	104.53	86.74	128.38	121.88	171.17
ENSG00000037280.14	0.03	0.02	1.51	0.01	2	0	0	0	0.04	0.09	0.83
ENSG00000037474.13	58.58	26.8	62.62	74.13	103.72	68.26	59.55	48.33	74.79	60.03	23.43
ENSG00000037637.9	13.03	16.22	10.8	8.35	11.08	11.61	9.88	1.91	10.15	8.38	21.07
ENSG00000037749.10	4.69	4.41	7.23	2.47	4.53	6.17	9.29	3.01	4.44	0.33	2.97
ENSG00000037757.12	25.6	19.7	21.3	20.13	12.3	27.06	16.97	33.9	13.13	9.2	33.81
ENSG00000037897.15	48.12	9.03	39.58	23.97	51.56	29.76	36.08	36.64	38.17	33.43	31.96
ENSG00000037965.5	5.16	1.34	11.49	1.16	6.84	3.33	7.49	5.24	0.6	6.05	11.67
ENSG00000038002.7	6.15	12	11.81	9.35	14.16	7.26	5.92	7.05	19.78	3.8	23.16
ENSG00000038210.12	3.81	5.43	3.39	1.78	0.69	2.88	8.99	3.57	6.83	2.39	1.37
ENSG00000038219.11	6.69	7.39	3.46	18.6	11.04	8.87	5.91	5.04	9.14	4.62	4.49
ENSG00000038274.15	24.99	52.54	30.57	37.37	15.75	24.11	49.99	21.86	36.57	30.03	18.22
ENSG00000038295.6	4	3.74	9.63	1.12	1.63	0.06	2.59	0.25	0.02	1.05	0.32
ENSG00000038358.13	46.18	22.48	58.47	41.59	57.26	45.71	30	28.96	57.73	23.86	82.89
ENSG00000038382.16	29.73	14.19	46.68	38.04	57.93	85.75	23.94	26.23	35.16	18.24	48.14
ENSG00000038427.14	0.04	4.6	0.83	18.65	103.09	133.89	12.9	58.79	0.24	43.85	13
ENSG00000038532.13	4.06	3.24	1.1	8.41	4.6	2.43	1.79	7.66	3.85	9.81	10.33
ENSG00000038945.13	0	0	0.96	0.3	0.05	0.28	0	0	0.04	0	0
ENSG00000039068.17	59.5	143.19	0.01	0.25	1.27	1.4	41.07	58.02	0	87.35	1.94
ENSG00000039123.14	27.28	11.09	48.33	46.9	74.9	25.82	24.17	11.58	19.94	21.71	11.78
ENSG00000039139.9	0.26	0.22	1.31	0.46	1.26	0.85	0.12	0.54	1.88	0.2	0.24
ENSG00000039319.15	5.95	3.67	7.77	9.68	8.47	2.38	4.58	1.46	6.27	1.4	0.62
ENSG00000039523.16	35.78	6.64	24.9	16.99	26.45	35.73	20.47	49.25	46.22	23.92	35.5
ENSG00000039537.12	0	0	0	0	0	0.07	0	0	0	0	0
ENSG00000039560.12	27.34	7.57	38.21	30.33	33	33.01	24.54	26.32	49.28	38.97	8.38
ENSG00000039600.9	0.08	0	0	0.09	0.38	0.05	0	0	0	0	0.08
ENSG00000039650.8	42.89	19.28	26.43	10.81	36.2	56.1	48.48	35.24	39.61	35.91	33.02
ENSG00000039987.5	0	0	0	0.14	0	0	1.47	0	0	0.89	0
ENSG00000040199.17	3.94	1.48	5.35	2.16	8.59	2.75	2.93	2.26	6.57	1.3	3.74
ENSG00000040275.15	26.95	8.74	51.9	47.81	95.43	49.14	15.81	18.56	74.04	18.84	86.32
ENSG00000040341.16	13.24	11.55	12.51	11.6	34.54	12.77	12.54	6.95	10.35	5.05	2.27
ENSG00000040487.11	15.85	11.97	13.09	7.04	6.12	26.23	14.28	8.84	16.48	11.43	40.83
ENSG00000040531.13	7.8	3.35	16.31	6.84	2.98	16.34	6.88	11.26	10.51	13.17	16.33
ENSG00000040608.12	17.05	3.71	2.22	1.99	0.64	0.85	7.1	2.59	2.99	6.13	6.1
ENSG00000040633.11	25.55	22.34	56.4	12.75	17.35	36.39	23.28	33.69	33.02	59.98	48.9
ENSG00000040731.9	0.58	2.54	0	0	0.06	0.19	0.19	0.06	0.1	0.13	0
ENSG00000040933.14	6.54	5.62	5.77	12.1	9.43	6.43	6.37	6.02	5.38	8.29	18.88
ENSG00000041353.8	7.03	9.64	6.24	0.71	1.92	0.69	5.79	29.98	0.32	0.33	1.09
ENSG00000041357.14	171.84	96.16	214.34	166.21	238.68	61.78	160.9	136.18	205.57	19.91	22.02
ENSG00000041515.14	0.03	0.15	0.02	0.02	0	1.61	0.03	0.19	0.03	0.03	0
ENSG00000041802.9	24.58	12.27	20.58	10.47	46.44	43.47	18.68	19.53	15.66	34.43	9.47
ENSG00000041880.13	20.4	14.18	13.45	15.69	8.18	16.53	13.62	18.9	17.45	8.73	46.51
ENSG00000041982.13	40.17	2.73	122.89	225.6	171.91	84.81	3.39	24.93	17.23	46.41	188.16
ENSG00000041988.14	7.55	6.83	11.66	5.35	4.12	11.7	5.02	6.71	13.17	11.06	36.47
ENSG00000042062.10	0	0	0	0.86	0.12	0.6	0	0	1.17	0	0.46
ENSG00000042088.12	12.18	13.5	13.91	34.78	19.13	11.43	19.01	17.89	29.75	29.08	11.41
ENSG00000042286.13	6.91	2.49	7.18	6.15	19.35	15.82	11.72	14.75	24	12.42	2.46
ENSG00000042304.9	0.02	0	0	0.08	0.04	0.07	0	0	0	0	0
ENSG00000042317.15	3.76	2.04	1.23	5.44	1.93	1.65	2.07	1.58	1.42	4.83	7.32
ENSG00000042429.9	13.65	7.34	37.92	21.08	62.86	23.44	17.1	10.22	28.6	13.21	10.8
ENSG00000042445.12	48.33	85.43	11.41	23.6	17.25	24.25	36.87	51.63	26.45	39.48	37.46
ENSG00000042493.14	120.47	19.3	74.48	8.29	43.68	93.78	143.53	193.26	93.84	378.36	1035.62
ENSG00000042753.10	313.53	244.9	270.29	117.43	185.88	316.71	240.18	279.75	435.63	292.85	107.64
ENSG00000042781.11	0	0	0	0.15	0	0.01	0	0	0	0	0
ENSG00000042813.6	0	0	0	0	0	0	0	0	0	0	0
ENSG00000042832.10	0.2	4.03	0	0.68	0	0.35	0.82	1.2	0	1.4	0.26
ENSG00000042980.11	0	0	0.56	0.14	0	0	0	0.01	0	0.54	0.26
ENSG00000043039.6	0.49	0.47	0.03	0.3	0	0	0.09	0.11	0	2.11	1.95
ENSG00000043093.12	3.27	8.59	11.37	16.17	28.72	9.35	10.9	6.33	4.67	1.03	0.78
ENSG00000043143.19	9.86	11.16	5.12	9.59	7.9	19.06	14.83	9.91	6.87	21.99	33.92
ENSG00000043355.9	8.42	3.43	21.36	1.59	1.09	33.05	8.91	1.68	34.99	2.59	12.55
ENSG00000043462.10	0	0	0	0.3	0	0.1	0	0	0	0	0
ENSG00000043514.14	11.41	15.14	15.13	14.83	28.32	8.76	14.17	12.1	11.99	15.97	31.1
ENSG00000043591.5	0.44	0.41	0.08	0.02	0	0	0.18	0	0.3	0.57	0
ENSG00000044012.3	0	0	0	0	0	0	0	0	0	0	0
ENSG00000044090.7	5.12	7.96	14.47	12.46	7.09	10.89	6.16	10.16	6.86	3.24	53.01
ENSG00000044115.19	146.46	260.61	135.14	115.59	136.86	159.75	191.9	207.63	230.58	199.08	224.4
ENSG00000044446.10	13.93	11.98	13.65	7.71	8.02	3.46	14.18	12.83	12.92	6.47	11.64
ENSG00000044459.13	1.65	0.32	3.29	5.42	8.11	3.49	1.82	1.03	0	1.34	0.72
ENSG00000044524.9	0	1.66	8.81	0	0.02	0.22	0	0	0	0	1.53
ENSG00000044574.7	283.71	68.68	198.26	83.56	238.48	94.77	136.16	161.77	96	124.01	122.97
ENSG00000046604.11	44.3	55.62	0.08	21.89	93.73	0.49	45.58	49.43	21.87	24.07	0.67
ENSG00000046647.12	22.37	26.13	12.97	7.81	4.7	3.43	13.2	11.5	3.8	8.31	15.39
ENSG00000046651.13	7.16	8.55	6.82	7.77	4.69	4.16	12.29	7.16	5.97	6.23	11.59
ENSG00000046653.13	0.89	5.06	0	1.4	1.17	0.21	11.4	0.95	0.15	4.22	0
ENSG00000046774.9	0	0	0.06	0.07	0	5.67	0	0	0	0	0
ENSG00000046889.17	0	0	0	0.01	0	0	0	0	0	0	0
ENSG00000047056.13	7.56	12.29	6.49	4.03	18.89	7.17	8.82	11.32	10.38	7.72	5.47
ENSG00000047188.14	5.72	4.63	7.28	7.58	12.31	7.51	7.13	3.71	5.04	1.25	1.91
ENSG00000047230.13	5.21	1.35	2.98	2.79	1.65	1.68	2.04	3.93	3.2	0.62	0.72
ENSG00000047249.15	47.76	34.8	45.46	48.45	47.16	46.75	40.89	35.31	24.49	71.45	46.34
ENSG00000047315.13	40.33	29.5	51.53	79.34	77.03	24.69	34.67	28.26	49.13	1.99	16.63
ENSG00000047346.11	5.91	8.26	1.46	1.86	2.91	2.51	5.24	7.38	4.86	0.45	2
ENSG00000047365.10	2.74	2.61	0.03	0.61	1.64	0.4	2.65	0.58	2.1	0.51	0.06
ENSG00000047410.12	26.88	22.18	39.64	37.43	13.78	25.27	32.68	20.14	32.64	43.7	21.17
ENSG00000047457.12	0	0	0.4	0.63	1.78	0	0	4.02	0.15	0	0
ENSG00000047578.11	5.34	2.12	8.48	10.53	5.95	7.33	4.56	7.6	2.92	3.45	16.42
ENSG00000047579.18	7.89	14.27	26.97	17.48	10.46	16.28	8.49	9.13	24.51	27.2	17.89
ENSG00000047597.5	0.47	0.07	0	0.03	0.24	0.07	0.47	0.22	0	0.22	0.27
ENSG00000047617.13	0	0	0	0	0.03	0.19	0	0	0.13	0	0
ENSG00000047621.10	4.85	5.99	6.65	9.13	14.78	8.74	5.33	6.08	8.55	4.14	3.64
ENSG00000047634.13	4.69	3.52	10.66	6.18	7.11	3.48	3.87	2.4	13.83	3.82	2.46
ENSG00000047644.16	5.43	12.55	15.16	7.89	2.46	4.32	5.83	6.06	17.49	5.18	19.45
ENSG00000047648.20	0.09	0	2.78	0.93	0	0.44	0	0.14	0	0	0.03
ENSG00000047662.4	0	0	0	0.02	0.02	0	0	0	0.01	0	0.03
ENSG00000047849.20	38.61	40.05	31.85	35.06	34.01	52.33	30.38	38.16	42.39	39.32	91.38
ENSG00000047932.12	6.58	7.95	22.93	40.73	11.89	7.3	9.88	8.2	8.8	4.99	4.66
ENSG00000047936.9	6.12	0.18	0.08	0.13	0.05	0.04	8.41	12.53	0	1.19	0.01
ENSG00000048028.10	3.41	5.5	8.6	11.53	7.8	4.33	19.73	4.77	10.9	1.77	5.17
ENSG00000048052.20	1.2	1.99	3.73	1.51	0.83	4.38	0.46	6.58	5.47	0.28	14.73
ENSG00000048140.16	31.91	31.63	22.97	21.88	28.12	25.35	27.77	34.13	45.34	29.17	83.59
ENSG00000048162.18	90.26	53.01	102.82	43.82	89.77	142.89	125.18	72.7	102.97	171.09	148.71
ENSG00000048342.14	16.1	5.32	4.6	2.85	3.25	5.88	4.01	4.65	11.51	3.62	1.39
ENSG00000048392.10	14.77	9.87	4.29	11.59	11.17	4.96	13.57	7.4	4.23	4.4	5.26
ENSG00000048405.8	0.51	0.75	2.21	3.85	2.61	5.64	3.59	5.04	3.06	0.99	1.97
ENSG00000048462.9	0	0	0	0.61	0.11	0.36	0	0	0	0	0
ENSG00000048471.12	5.75	3.85	0.94	7.6	2.82	4.5	3.15	2.83	1.37	2.07	6.81
ENSG00000048540.13	0.31	0.05	0	1.66	0.25	0.28	0.07	0	9.14	0	0
ENSG00000048544.5	16	17.65	30.3	32.56	18.47	20.42	23.04	20.16	40.87	14.03	28.14
ENSG00000048545.12	0	0	0	0.24	0	0	0	0	0	0	0
ENSG00000048649.12	10.65	13.09	25.77	20.56	26.46	12.03	12.64	9.98	11.28	16.99	13.79
ENSG00000048707.12	3.73	9.91	3.68	9.37	4.44	4.88	5.18	6.79	1.14	5.08	8
ENSG00000048740.16	0	0.42	0	2.82	0.21	1.17	0	0	14.63	0.11	0
ENSG00000048828.15	91.26	46.01	69.98	73.86	211.43	73.71	84.02	55.03	86.5	132.48	131.96
ENSG00000048991.15	22.47	14.91	20.63	19.34	40.72	14.58	26.39	35.05	37.07	30.52	26.07
ENSG00000049089.12	0.28	0	0	0.12	2.68	0.31	0	0.81	1.8	0	0.15
ENSG00000049130.12	6.33	9.24	3.45	22.24	1.51	3.88	1.86	3.51	2.01	0.93	0.72
ENSG00000049167.12	7.09	1.52	8.69	8.18	7.62	4.2	5.32	4.28	6.22	3.04	1.62
ENSG00000049192.13	0.65	0.13	8.07	0.49	4.05	4.01	0.74	6.94	0.14	1.1	1.05
ENSG00000049239.11	2.3	2.16	1.74	0.86	0.43	5.06	1.82	0.83	1.72	0.14	10.94
ENSG00000049245.11	53.65	42.3	87.36	51.28	49.47	45.33	48.8	29.51	58.17	36.12	43.17
ENSG00000049246.13	2.76	1.44	11.56	4.74	3.25	5.49	0.35	0.59	0.62	0.18	1.83
ENSG00000049247.12	0	0	0	0.28	0	0	0	0.07	0	0	0
ENSG00000049249.7	0.03	0	0.05	0.07	0.64	0.19	0	0.15	0.58	0	0
ENSG00000049283.16	35.81	29.61	0.07	0.02	0.27	0.05	1.26	1.5	0	0.72	0.55
ENSG00000049323.14	19.35	11.97	9.02	11.3	2.91	76.81	83.31	20.92	8.29	84.16	25.02
ENSG00000049449.7	32.02	23.75	93.75	139.15	86.52	62.97	52.26	58.76	75.14	12.44	53.81
ENSG00000049540.15	0	0	0.43	0	1.27	0.25	0	0	0.04	0	0
ENSG00000049541.9	54.45	13.6	58.39	42.21	41.52	78.88	41.49	27.74	111.27	51.41	23.87
ENSG00000049618.20	6.62	14	19.15	18.14	11.18	15.08	12.94	11.19	9.44	8.15	54.98
ENSG00000049656.12	159.57	108.82	191.16	184.52	267.88	274.26	186.84	197.48	232.43	207.97	170.42
ENSG00000049759.15	37.8	37.21	5.5	26.48	60.69	38.82	25.38	29.32	39.21	15.17	47.9
ENSG00000049768.13	0	0.18	0.14	0.06	0	0	0	0	0	0	0.49
ENSG00000049769.11	1.87	2.57	7.26	1.04	0.27	2.11	1.8	1.92	6.2	4.15	35.88
ENSG00000049860.12	55.47	44.25	105.64	64.84	48.23	60.78	42.87	51.72	40.41	88.57	83.05
ENSG00000049883.13	9.05	5.05	7.65	5.73	4.57	3.23	5.36	4.3	2.66	5.49	3.57
ENSG00000050030.12	0	0	0	0.01	0	0	0	0	0	0	0
ENSG00000050130.16	21.07	19.4	22.13	58.27	53.91	20.92	25.03	22.41	37.88	7.56	4.74
ENSG00000050165.16	21.68	42.41	11.91	10.5	33.26	6.79	0.49	0	0.74	11.48	32.98
ENSG00000050327.13	16.83	26.79	0	0.04	3.14	0.65	18.93	8.49	2.2	46.3	0.5
ENSG00000050344.8	9.49	0.83	4.54	6.89	6.83	2.05	0.79	4.17	15.96	0.91	0.78
ENSG00000050393.10	2.64	4.97	16.84	15.88	16.07	7.34	12.3	5.36	15.91	2.65	19.49
ENSG00000050405.12	61.48	44.37	30.29	35.48	71.44	41.8	47.38	12.95	28.38	45.51	9.34
ENSG00000050426.14	33.07	70.05	28.46	48.26	49.97	37.22	31.91	26.78	28.82	50.38	68.39
ENSG00000050438.15	0.33	0.02	1.34	2.04	2.14	1.92	0.03	0.05	0.13	0	2.26
ENSG00000050555.16	0	0	0.16	3.21	1.71	0.03	0	0	0.01	0	1.21
ENSG00000050628.19	0	0	0	0.01	0	0.3	0	0	0	0	0
ENSG00000050730.14	0	0	0.44	22.75	0.26	0.29	1.71	7.42	0	0	0.51
ENSG00000050748.16	19.55	26.64	25.96	25.79	35.72	12.33	45.12	17.84	48.41	21.75	38.01
ENSG00000050767.14	0	0.19	0.31	0.55	0.05	13.75	0	0	0	0.09	84.86
ENSG00000050820.15	92.39	31.25	128.26	15.78	20.81	82.51	52.49	97.33	96.21	62.09	91.09
ENSG00000051009.9	12.37	18.65	7.09	4.38	5.77	10.58	16.99	27.74	9.42	15.19	25.69
ENSG00000051108.13	79.08	43.12	42.51	48.59	74.56	32.17	45.05	96.97	65.18	24.55	160.41
ENSG00000051128.17	94.37	55.92	56.84	66.6	17.83	105.62	65.59	118.26	24.72	94.27	115.56
ENSG00000051180.15	18.57	6.44	35.53	25.47	10.89	21.04	23.21	10.03	40.43	20.84	6.43
ENSG00000051341.12	3.06	1.22	3.78	7.25	5.19	3.42	1.9	1.58	2.18	0.26	0.06
ENSG00000051382.7	10.77	14.71	9.33	12.38	20.18	10.55	14.96	10.07	12.46	9.84	4.62
ENSG00000051523.9	0.31	1.84	69.99	105.24	98.13	0.69	0.38	0.51	237.14	100.52	0.85
ENSG00000051596.8	131.39	193.82	55.1	85.16	91.03	47.33	108.31	47.06	101.43	105.6	46.98
ENSG00000051620.9	6.17	28.37	6.26	7.76	17.77	8.55	10.53	17.29	6.53	14.99	20.93
ENSG00000051825.13	2.18	2	9.11	22.8	29.91	6.29	5.06	2.37	19.25	7.91	2.66
ENSG00000052126.13	7.87	14.33	5.11	3.78	10.6	2.32	6.09	6.75	10.28	1.03	0
ENSG00000052344.14	52.96	201.35	0	0.06	0.04	0	11.15	62.81	0	31	0
ENSG00000052723.10	28.98	11.92	16.96	12.16	48.82	22.11	9.07	24.83	26.33	20.8	61.5
ENSG00000052749.12	21.93	11.99	33.31	19	27.17	45	23.22	17.4	32.58	54.97	109.68
ENSG00000052795.11	1.5	1.98	2.65	2.2	3.6	2	1.52	1.83	3.58	0.54	1.54
ENSG00000052802.11	72.4	59.53	8.78	30.15	17.77	13.12	34.85	22.2	16.8	37.99	3.83
ENSG00000052841.13	6.36	7.11	10.8	9.97	13.13	17.16	11.81	14.59	5.29	10.19	28.7
ENSG00000052850.5	0.04	0	0.03	0.2	4.15	0.16	0.02	0.03	0	0	0.04
ENSG00000053108.15	0.24	3.86	0	0.73	0.87	0	0.24	0	0	0	0.16
ENSG00000053254.14	2.87	11.09	18.15	7.89	1.09	15.14	6.55	1.57	5.38	8.89	8.89
ENSG00000053328.8	0	0	0	0	0	0	0	0	0	0	0
ENSG00000053371.11	59.26	33.24	36.05	36.83	14.22	63.63	29.37	12.16	52.95	39.49	61.53
ENSG00000053372.4	57.01	19.03	52.65	30.26	53.43	69.52	50.26	17.83	51.75	65.46	53.56
ENSG00000053438.8	3.61	3.73	0.77	0.96	3.38	0.91	2.32	0.79	0.65	2.1	0.98
ENSG00000053501.11	33.03	21.08	28.12	11.38	14.86	47.37	34.74	36	17.51	26.22	100.04
ENSG00000053524.10	0.7	1.6	0.88	0.72	0.9	0.26	0.24	3.09	0.16	1.22	0.83
ENSG00000053702.13	0.55	0.24	0.36	0.58	0.72	0.57	0.95	0.14	0.26	0.88	0.15
ENSG00000053747.14	132.04	76.75	2.98	1.57	1.05	0.04	180.36	317.03	0.1	169.71	1.26
ENSG00000053770.10	14.42	13.74	7.62	22.2	16.39	6.66	11.2	5.91	14.69	16.5	14.74
ENSG00000053900.9	8.89	6.15	7.41	18.15	14.33	5.98	9.22	7.19	10.09	4.01	0.6
ENSG00000053918.14	0.49	0	0	0.03	0.06	0	0	0.24	0.09	0	0.12
ENSG00000054116.10	68.79	50.29	58.42	65.2	34.01	54.32	59.66	68.9	45.61	116.26	112.73
ENSG00000054118.12	53.86	30.32	50.43	68.69	44.89	38.59	44.48	34.47	53.23	41.66	29.44
ENSG00000054148.16	195.08	213.27	96.54	41.1	46.41	111.9	132.02	156.83	129.38	178.21	100.37
ENSG00000054179.10	3.38	3.58	0	0.1	0.16	0	11.82	1.2	0	1.91	0
ENSG00000054219.10	0	0.02	0	0.31	0.93	0.03	0.4	10.86	0.01	0	0.01
ENSG00000054267.19	4.18	9.45	5.71	16.28	12.22	2.66	11.01	5.67	9.55	3.79	2.51
ENSG00000054277.11	17.33	20.75	5.93	5.23	2.81	5.06	42.4	30.71	5.37	10.76	2.61
ENSG00000054282.14	4.94	3.93	4.8	6.77	10.56	10.5	12.35	5.77	2.91	17.72	11.45
ENSG00000054356.12	0.14	0	0	4.77	0.07	0	0	0	0	0	24.93
ENSG00000054392.11	1.03	5.09	0.53	6	1.24	0.57	1.3	2.05	2.21	1.34	2.87
ENSG00000054523.15	2.5	4.36	10.07	15.89	8.43	6.67	5.79	1.94	2.65	2.92	3.31
ENSG00000054598.6	1.89	4.16	9.75	3.26	3.4	4.29	3.36	4.46	1.86	4.76	5
ENSG00000054611.12	15.56	22.84	8.51	10.28	10.79	20.2	11.3	17.37	12.11	13.69	14.57
ENSG00000054654.14	9.04	27.23	6.66	18.64	15.09	11.76	31.49	1.75	7.01	34.57	3.73
ENSG00000054690.12	3.39	1.87	0.53	1.38	2.23	1	2.96	1.31	2.87	2.68	2.53
ENSG00000054793.12	7.46	6.69	0.85	4.66	0.73	6.98	4.2	7.75	0.93	3.08	16.88
ENSG00000054796.11	0	0	0	0	0	0	0	0	0	0	0
ENSG00000054803.3	0	0	0	0.02	0	0.04	0	0	0	0	0
ENSG00000054938.14	0	0	3.94	0	3.6	0	0	0	0.19	0	0
ENSG00000054965.9	2.72	4.21	6.06	0.27	2.97	7.68	0.63	1.56	4.92	0.89	10.45
ENSG00000054967.11	9.69	2.67	12.47	3.08	7.36	15.2	6.88	10.49	18.73	11.71	5.35
ENSG00000054983.15	3.09	3.85	2.65	3.19	6.66	4.99	0	2.34	7.39	0.99	2.05
ENSG00000055044.9	62.59	20.42	65.16	81.15	108.81	62.77	60.78	30.5	65.48	65.09	41.97
ENSG00000055070.15	84.39	64.67	84.12	62.28	97.25	125.89	74.08	48.27	99.92	94.62	221.61
ENSG00000055118.13	0.02	0	0.18	0	0.02	0.16	0	0.15	0.18	0	0.23
ENSG00000055130.14	37.23	20.7	29.63	66.31	35.22	22.66	49.28	27.83	35.23	39.2	24.16
ENSG00000055147.16	7.74	9.55	6.49	11.68	7.93	8.81	11.5	9.82	3.75	1.27	2.13
ENSG00000055163.17	10.38	46.56	1.67	0.63	0.85	1.98	11.93	2.26	3.62	8.26	11.03
ENSG00000055208.16	6.75	12.86	20.59	19.6	20.27	7.36	13.13	12.19	20.51	0	1.83
ENSG00000055211.11	5.53	13.37	18.66	21.15	13.19	8.41	11.11	9.02	16.62	5.28	5.12
ENSG00000055332.15	3.48	5.25	7.12	5.31	13.8	7.37	8.43	3.42	9.91	5.49	5.52
ENSG00000055483.18	28.62	18.79	34.35	34.34	48.5	24.62	24.35	20.34	32.78	20.6	66.8
ENSG00000055609.16	2.19	5.65	3.09	10.02	5.86	5.71	3.93	3.82	5.96	3.62	6.95
ENSG00000055732.11	4.05	4.28	5.27	0.14	1.55	0.64	0.32	0.58	3.75	0.07	0.04
ENSG00000055813.5	0	0.25	2.33	0	0	0.77	0	0	0	0	0
ENSG00000055917.14	18.02	17.78	18.02	17.38	20.06	15.34	21.56	15.32	35.75	9.92	11.54
ENSG00000055950.15	112.51	95.86	120.11	33.14	45.91	84.96	85	116.58	122.34	151.72	202.88
ENSG00000055955.14	0.37	0.15	0.06	0.53	1.01	0.49	0	0.87	0.59	0.9	3.17
ENSG00000055957.9	0	0	0	0.33	0	0	0	0	0	0	0
ENSG00000056050.6	10.46	5.24	16.34	11.39	22.67	6.88	8.18	9.49	12.21	2.8	6.08
ENSG00000056097.14	28.6	19.91	51.4	48.38	41.42	36.13	28.76	34	54.84	32.93	47.21
ENSG00000056277.14	1.16	0.62	4.49	5.5	5.49	0.99	1.23	1.11	2.76	0	0
ENSG00000056291.16	0	0	0	0	0	0.1	0	0	0.08	0	0
ENSG00000056487.14	0.49	0	0.83	3.12	2.71	3.53	0	0	0	0.59	7.23
ENSG00000056558.9	1.2	0.08	0.39	0.62	3	0.9	0.22	3.19	2.46	0.16	5.11
ENSG00000056586.14	8.63	9.3	16.19	9.73	17.34	7.28	9.62	8.66	11.07	5.82	4.43
ENSG00000056736.8	0.07	0	0.21	2.97	0.81	0	0.19	1.05	0.08	0.21	1.14
ENSG00000056972.17	16.96	31.07	4.23	19.24	7.67	6.89	28.65	34.44	9.4	30.13	2
ENSG00000056998.17	0	0	0.4	0.2	0.74	0	0	0	0.72	0	0.07
ENSG00000057019.14	67.46	12.08	81.28	24.24	64.06	63.89	31.73	61.62	31.38	24.2	17.07
ENSG00000057149.13	3.01	3.73	0	0.07	0	0	2.8	15.23	0	6.25	0
ENSG00000057252.11	6.8	6.4	21.32	18.16	18.05	9.87	11.4	7.56	24.09	2.72	6.71
ENSG00000057294.12	24.07	11.16	0	0.86	0.11	0.08	23.57	18.85	23.83	25.22	0.28
ENSG00000057468.6	0	0	0.02	0.02	0.05	0.06	0	0	0	0	0.1
ENSG00000057593.12	0	0	0	0	0.07	0	0	0	0	0	0
ENSG00000057608.15	107.19	74.62	131.36	123.27	218.57	66.35	102.41	76.9	118.31	41.41	78.03
ENSG00000057657.13	0.41	2.16	1.3	0.38	0.55	1.39	0.95	11.62	0.3	2.26	2.47
ENSG00000057663.11	4.54	6.93	15.37	17.39	24.58	5.49	10.19	9.33	10.16	2.61	5.34
ENSG00000057704.9	1.35	5.59	0	0.1	0.04	0	0.58	4.04	3.26	11.41	1.12
ENSG00000057757.8	29.92	25.29	47.8	51.88	32.92	30.2	29.91	26.32	48.27	25.57	21.01
ENSG00000057935.12	20.02	21.23	12.37	14.2	14.22	7.56	14.99	15.29	19.8	10.38	16.86
ENSG00000058056.7	1.74	1.12	9.42	7.01	10.75	5.77	3.14	4.07	6.59	2.5	6.06
ENSG00000058063.14	5.74	6.11	9.55	12.11	26.45	6.94	13.77	12.97	6.37	2.84	3.33
ENSG00000058085.13	202.19	108.76	0.33	1.9	4.2	4.09	469.07	1079.21	13.17	470.35	0.24
ENSG00000058091.15	7.28	2.73	0	26.06	6.28	7.76	12.63	10.05	5.2	1.83	0.97
ENSG00000058262.8	126.17	105.24	133.53	194.46	191.45	244.35	119.28	152.9	120.92	214.9	120.33
ENSG00000058272.14	14.98	13.33	23.7	33.62	39.38	20.48	14.25	12.26	29.21	7.31	12.93
ENSG00000058335.14	0.44	0	0.03	0.02	0.02	0	0	0.49	7.2	0.01	13.31
ENSG00000058404.18	0.07	0.81	0.23	0.29	0.07	0.08	2.02	0.08	0	0.13	0.47
ENSG00000058453.15	12.16	35.41	5.27	7.32	4.55	12.32	3.85	4.77	4.43	3.41	18.08
ENSG00000058600.14	37	25.28	43.64	51.15	67.27	35.27	53.73	23.5	35.03	29.58	133.34
ENSG00000058668.13	14.39	21.26	18.08	37.85	9.85	28.66	6.35	37.14	4.29	12.57	9.79
ENSG00000058673.14	23.77	31.16	30.08	37.65	35.19	15	38.42	20.72	40.26	25.3	40.91
ENSG00000058729.9	11.53	8.93	22.7	23.6	14.9	14.44	8.94	2.62	14.71	2.4	4.6
ENSG00000058799.12	3.09	3.21	2.41	10.42	3.92	6.01	10.67	1.89	2.53	8.32	0.05
ENSG00000058804.11	27.13	10.65	14.78	11.82	16.81	19.91	23.57	9.53	39	23.62	10.04
ENSG00000058866.13	0.74	0.02	0	0.8	2.53	1.89	0.16	2.03	6.03	0	0.25
ENSG00000059122.15	24.74	45.9	11.11	16.54	10.11	25.48	21.68	31.76	10.26	20.16	88.14
ENSG00000059145.17	11.84	6.61	7.8	16.39	5.93	18.33	9.86	13.58	15.46	5.66	21.64
ENSG00000059377.14	11.25	3.11	3.47	8.05	5.41	5.46	2.15	5.46	4.53	12.41	7.78
ENSG00000059378.11	8.89	9.79	7.79	5.26	16.7	14.18	20.22	32.91	13.81	16.75	4.15
ENSG00000059573.7	37.8	21.71	82.28	39.33	35.72	18.96	42.28	24.66	51.7	57.02	66.33
ENSG00000059588.8	5.93	9.12	20.53	24.66	13.4	3.6	30.7	9.29	4.08	12.12	4.21
ENSG00000059691.10	28.05	20.69	9.82	9	11.36	7.82	15.18	12.3	11.77	12.77	13.68
ENSG00000059728.9	2.97	4.76	0.37	1.25	1.83	3.58	4.08	11.45	3.37	13.29	2.05
ENSG00000059758.6	3.4	5.31	4.92	5.11	4.95	2.27	1.95	11.91	5.56	2.54	1.22
ENSG00000059769.18	2.05	1.72	6.59	7.02	7.6	3.07	2.72	2.46	4.57	0.9	1.34
ENSG00000059804.14	0.13	1.32	12.64	5.95	0	1.92	0.4	2.26	9.03	0.37	6.44
ENSG00000059915.15	1.21	1.35	1.19	0.18	0.28	2.5	1.07	1.3	1.23	0.22	3.92
ENSG00000060069.15	12.28	9.64	6.5	2.39	13.77	14.27	10.28	11.67	7.39	15.16	16.86
ENSG00000060138.11	457.03	492.46	84.31	176.15	160.29	107.5	344.47	212.98	248.41	533.23	338.83
ENSG00000060140.7	0.25	0	0	0	1.04	0	0.33	0.71	0.45	0	0.95
ENSG00000060237.15	86.8	93.2	26.98	52.57	61.46	40.65	31.2	30.73	45.91	74.87	262.19
ENSG00000060303.5	0	0	0	0	0	0	0	0	0	0	0
ENSG00000060339.12	65	52	65.8	57.03	94.44	36.33	52.22	39.58	62.08	71.87	77.43
ENSG00000060491.15	35.09	26.05	27.42	14.91	13.6	60.51	22.47	23.55	35.49	42.89	72.33
ENSG00000060558.3	45.02	38.79	0	0.1	0.05	0.09	60.16	55.54	21.51	91.29	0.1
ENSG00000060566.12	0	0	0	0	0	0	0	0.26	0	0	0.08
ENSG00000060642.9	10.67	18.65	1.96	8.1	3.85	6.61	11.47	9.11	8.21	6.06	17.02
ENSG00000060656.18	45.39	65.53	0.05	31.47	0.4	4.44	48.25	36.03	5.47	71.33	2.29
ENSG00000060688.11	55.52	18.23	81.92	62.63	33.36	51.19	45.15	37.47	64.99	47.95	68.02
ENSG00000060709.12	0	0	0	0.01	0	0	0	0	0	0	0
ENSG00000060718.17	0	0	0	0.11	0.11	0.12	0	0	0	0	0.2
ENSG00000060749.13	4.86	4.19	8.46	15.63	12.07	8.93	6.36	2.69	8.16	1.12	5.14
ENSG00000060762.17	11.51	19.87	17.03	13.69	5.98	13.33	33.65	21.19	23.14	19.69	9.9
ENSG00000060971.16	44.53	49.19	23.17	29.42	35.98	29.54	42.62	43.04	26.51	44.97	46.15
ENSG00000060982.13	11.02	0.29	0.17	0.41	29.48	11.59	0	0	27.02	0.33	13.47
ENSG00000061273.16	25.11	22.61	19.06	13.94	23.07	36.11	30.43	52.2	20.81	31.6	14.34
ENSG00000061337.14	0.08	0.18	0.05	1.11	0.83	6.88	0.05	0	0	0.07	0.14
ENSG00000061455.10	0	0	1.36	0	0.11	0	0	0.17	0.15	0.36	1.31
ENSG00000061492.10	0	0	0	0	0	0	0	0	0	0	0
ENSG00000061656.8	0.14	0	1.24	0.22	0.51	0.86	0.76	0	2.62	4.08	1.21
ENSG00000061676.13	38.05	36.38	32.34	90.63	69.57	22.2	44.57	36.31	33.3	7.84	12.08
ENSG00000061794.11	34.56	17.72	29.81	33.5	37.53	13.32	33.41	33.13	40.48	18.22	15.23
ENSG00000061918.11	0.62	3.93	8.01	10.41	1.34	0.95	0.29	0.7	4.62	0	0.14
ENSG00000061936.8	13.73	16.7	16.55	19.15	15.45	35.08	18.31	15.97	20.64	23.8	54.17
ENSG00000061938.15	43.22	45.13	12.07	4.75	9.58	17.67	24.69	44.28	6.88	23.67	16.25
ENSG00000061987.13	4.79	4.37	5.08	10.18	9.94	3.86	5.13	3.05	4.48	3.31	3.78
ENSG00000062038.12	181.33	327.84	14.55	1.61	16.6	0	111.06	155.54	2.37	210.5	550.43
ENSG00000062096.13	0.1	0.08	0.34	0	0	0	0	0	0	0	0
ENSG00000062194.14	14.23	8.17	29.91	26.4	41.69	7.87	11.12	6.75	14.26	2.95	1.29
ENSG00000062282.13	6.7	7.61	13.16	6.28	4.44	2.94	6.5	14.93	4.12	4.36	0
ENSG00000062370.15	0.48	0.85	1.81	1.43	2.84	1.12	1.21	1.56	0.72	0.16	0.38
ENSG00000062485.17	119.44	84.02	111.14	108.34	154.35	82.79	144.28	125.34	112.82	252.65	152.43
ENSG00000062524.14	0	0.08	0	0	0	0	0	0	0.21	0	0.06
ENSG00000062582.12	187.78	151.43	263.61	169.35	119.77	221.96	232.09	295.33	190.14	255.86	328.71
ENSG00000062598.16	16.08	21.41	26.55	23.7	32.64	12.33	13.61	16.07	13.59	13.16	34.96
ENSG00000062650.16	22.07	11.81	21.85	22.76	37.75	9.28	13.36	12.67	24.32	29.96	6.87
ENSG00000062716.9	53.28	33.52	39.4	54.17	138.53	32.25	30.37	52.95	55.39	52.66	33.67
ENSG00000062725.8	4.95	5.57	5.12	9.65	14.36	6.26	5.46	3.2	8.91	4.44	9.4
ENSG00000062822.11	56.76	19.37	56.18	23.66	27.73	112.21	65.01	27.03	80.59	62.79	51.91
ENSG00000063015.18	0	0	0	0.19	0.33	0.15	0	0	0	0	0.29
ENSG00000063046.16	169.89	243.47	89.51	182.67	173.35	137.19	252.93	181.38	130.46	310.52	332.39
ENSG00000063127.14	0.02	0.05	0.47	1.54	0.44	0.28	0	0.09	0.05	0	1.19
ENSG00000063169.9	3.43	5.78	4.31	1.61	3.6	7.2	4	3.82	5.62	9.9	6.73
ENSG00000063176.14	14.45	7.43	12.09	4.14	4.85	25.77	6.79	10.98	18.57	7.22	24.74
ENSG00000063177.11	2129.24	2460.36	1879.62	812.06	768.54	2079.51	2404.43	2399.01	2252.39	2988.71	1694.87
ENSG00000063180.7	5.61	18.41	10.79	0.64	2.31	4.44	0.6	0.84	3.99	1.26	4.63
ENSG00000063241.6	63.23	68.75	74.85	32.41	22.75	59.77	88.9	39.48	59.37	91.29	90.01
ENSG00000063244.11	247.74	144.73	298.8	105.37	210.82	340.8	242.9	217.84	242.83	304.05	250.39
ENSG00000063245.13	122.74	91.67	113.53	38.77	36.58	277.58	107	116.33	104.3	139.62	193.38
ENSG00000063322.12	20.96	14.72	27.26	8.72	19.84	38.37	16.06	27.53	27.2	15.41	45.27
ENSG00000063438.15	0.18	0.29	1.27	0.46	2.32	8.96	0.76	0.02	2.27	0.91	1.92
ENSG00000063515.2	0	0	0	0	0	0	0	0	0	0	0
ENSG00000063587.13	3.91	1.46	6.29	4.17	7.43	3.32	3.19	1.56	3.77	1.21	3.47
ENSG00000063601.15	8.45	15.81	29.6	8.4	16.96	10.32	14.07	13.23	22.15	3.41	8.07
ENSG00000063660.7	177.93	106.46	24.9	130.68	36.04	64.29	25.45	106.03	13.41	35.12	38.8
ENSG00000063761.14	5.82	3.62	4.95	5.99	6.14	2.52	7.32	3.75	1.56	7.56	11.12
ENSG00000063854.11	21.33	53.44	13.53	21.83	20.47	25.43	43.06	43.44	60.05	23.59	72.71
ENSG00000063978.14	38.89	26.5	40.93	19.96	40.81	31.85	36.54	43.54	47.48	32.65	28.34
ENSG00000064012.20	12.87	5.05	12.51	10.22	20.27	6.48	9.17	15.17	13.22	4.74	2.96
ENSG00000064042.16	11.3	2.81	0.31	18.65	3.91	7.49	6.61	6.28	17.39	1.43	0.17
ENSG00000064102.13	14.16	7.16	17	31.81	22.32	13	13.09	7.26	15.25	12.46	6.69
ENSG00000064115.9	175.37	157.69	21.02	26.23	25.48	10.71	89.34	47.08	29.11	9.43	4.78
ENSG00000064195.7	0	4.94	0	0.05	0.04	0.02	0.09	0	0.12	0	0.04
ENSG00000064199.5	9.9	3.7	1.81	3.61	7.61	2.06	14.89	3.95	9.78	1.64	0.15
ENSG00000064201.14	0	0	0	0	0	1.08	0	0	0	0	0.4
ENSG00000064205.9	0.4	4.67	3.13	1.62	0	0.79	0.33	1.6	0	5.73	0.07
ENSG00000064218.4	0	0	0	0	0	0	0	0	0	0	0
ENSG00000064225.11	1.26	0.08	0.57	0.32	0.36	1.12	0.5	1.73	1.95	0.14	0.9
ENSG00000064270.11	1.29	1.52	0.04	0.97	0.23	1.22	0.64	5.03	0.24	0.49	0.7
ENSG00000064300.7	2.62	4.47	1.7	5.6	0.5	0.05	0.09	0.16	0	0.23	0.48
ENSG00000064309.13	1.78	0.19	6.8	1.35	0.72	0.89	0.99	0.45	1.63	0.6	0.15
ENSG00000064313.10	14.03	9.84	24.63	31.6	41.09	42.6	15.61	9.31	10.89	35.43	64.28
ENSG00000064393.14	11.57	8.58	5.05	19.57	15.07	38.97	13.35	24.66	7.69	11.69	63.57
ENSG00000064419.12	29.46	17.32	26.35	49.22	40.67	36.96	30.95	20.44	32.9	37.89	29.58
ENSG00000064489.20	12.04	8.33	14.45	13.59	12.86	37.8	9.33	14.01	13.24	8.41	31.41
ENSG00000064490.12	85.22	81.33	112.82	40.96	38.85	81.24	65.5	112.06	52.75	120.23	185.91
ENSG00000064545.13	35.37	36.55	35.7	20.44	18.61	34.14	47.32	41.21	30.49	36.42	85.07
ENSG00000064547.12	25.24	22.97	13.87	8.2	6.61	0.51	20.11	22.95	1.44	27.01	14.29
ENSG00000064601.15	112.7	156.05	294.76	127.87	103.17	149.42	86.86	125.66	103.65	79.87	190.62
ENSG00000064607.15	20.9	16.45	34.9	41.79	27.58	25.92	34.6	21.31	43.28	20.48	43.02
ENSG00000064651.12	4.02	2.72	7.81	5.62	10.51	14.33	6.78	3.51	7.1	1.15	2.02
ENSG00000064652.9	22.42	14.1	14.93	8.96	16.3	8.85	21.25	17.11	21.91	8.52	3.84
ENSG00000064655.17	2.93	0.2	0	0.03	0.13	0.15	3.39	0	0	14.16	0.59
ENSG00000064666.13	261.4	167.36	286.34	49.43	266.4	366.96	239.92	68.86	180.31	226.83	135.96
ENSG00000064687.11	7.18	5.95	3.06	5.49	1.44	2.33	5.04	5.6	11.01	1.98	8.11
ENSG00000064692.17	0	4.69	1.01	0.32	0.07	0.13	0.42	0.12	1.1	0	0.49
ENSG00000064703.10	1.93	2.09	1.72	0.94	2.54	1.3	0.67	1.72	1.23	3.59	4.17
ENSG00000064726.8	17.86	16.28	28.45	37.96	34.27	12.04	17.24	16.69	33.79	4.35	8.57
ENSG00000064763.9	6.22	1.64	3.67	0.79	4.19	6.85	2.93	0.39	0.6	0.33	1.86
ENSG00000064787.11	0	0	0.11	0.08	0.01	0.18	0.04	0.07	0.09	0.29	0
ENSG00000064835.9	0	0	0	0	0	0	0	0	0	0	0
ENSG00000064886.12	0.91	1.03	7.82	9.66	7.07	0.12	0.28	32.85	0	3.97	0.3
ENSG00000064932.14	17.15	8.97	14.82	6.75	18.67	33.02	9.41	28.65	11.24	8.65	20.32
ENSG00000064933.15	5.26	1.93	8.23	13.02	11.1	3.28	4.55	2.19	5.74	4.74	6.45
ENSG00000064961.17	66.43	108.43	48.05	53.24	29.02	60.28	72.15	64.18	91.71	93.55	145.94
ENSG00000064989.11	0.07	0.51	0.24	0.22	0.23	0.2	0.19	0	0.13	0	0.19
ENSG00000064995.15	6.68	14.8	33.04	23.09	18.89	19.82	12.62	13.83	19.81	15.44	19.45
ENSG00000064999.13	4.05	5.53	4	6.01	4.05	6.6	8.11	4.18	5.47	12.02	13.77
ENSG00000065000.14	60.65	39.15	37.37	35.05	74.77	96.75	62.08	61.31	146.05	86.33	237.61
ENSG00000065029.13	8.27	20.3	17.87	17.2	10.41	20.17	14.39	26.19	33.35	6.09	57.81
ENSG00000065054.12	21.14	4.21	10.77	2.75	22.1	357.56	25.93	91.72	113.26	51.33	13.32
ENSG00000065057.6	34.86	17.76	23.71	22.19	11.43	41.08	31.1	28.73	23.55	31.74	41.4
ENSG00000065060.15	1.12	1.48	4.25	6.48	2.81	4.63	2.62	2.35	5.2	1.7	11.46
ENSG00000065135.8	1.27	0.54	0.18	0.43	2.66	4.49	0.92	0.79	2.55	1.16	0.92
ENSG00000065150.17	71.8	39.48	194.83	92.25	149.91	65.78	102.52	40.6	79.78	114.94	24.87
ENSG00000065154.10	120.41	66.7	52.4	88.11	60.76	30.41	71.78	40.62	67.59	55.99	52.12
ENSG00000065183.14	32.43	12.26	36.78	59.92	117.44	34.22	32.56	17.71	52.38	20.61	17.07
ENSG00000065243.17	8.94	6.02	9.1	28.86	16.23	6.04	7.3	6.58	22.49	1.76	4.62
ENSG00000065268.9	78.54	52.36	25.7	9.56	17.69	83.87	76.83	63.32	74.67	118.59	52.3
ENSG00000065308.4	3.53	4.18	67.81	8.32	11.82	72.26	2.9	9.56	52.83	2.19	13.1
ENSG00000065320.7	8.35	0	28.35	1.39	0	0	0	0	0	0	3.31
ENSG00000065325.11	0	1.11	0.03	0.06	0.12	0.03	0.24	0	0.35	0.54	0
ENSG00000065328.15	11.46	2.05	20.63	16.81	43.42	12.39	8.54	5.41	16.34	8.44	1.05
ENSG00000065357.18	104.07	164.9	3.92	9.22	5.5	11.46	104.49	110.25	19.23	114.46	14.35
ENSG00000065361.13	3.54	8.75	0.18	0.67	0.17	1.07	4.94	7.25	1.64	5.9	0.28
ENSG00000065371.16	0	3.15	0	1.96	0.07	0.21	0	0.22	0	0	0
ENSG00000065413.15	7.27	0.56	5.63	9.84	3.28	6.21	0.44	4.32	10.78	0.51	1.97
ENSG00000065427.13	122.87	65.31	166.84	158.13	141.1	86.74	122.63	107.45	174.52	130.19	83.33
ENSG00000065457.9	29.53	21.69	39.13	38.56	38.85	30.63	25	21.04	55.99	16.2	30
ENSG00000065485.16	13.62	10.36	32.39	41.41	12.59	15.9	22.06	20.64	16.88	42.4	16.12
ENSG00000065491.8	2.51	5.96	9.1	6.61	4.66	4.17	5.33	5.79	8.1	5.11	10.58
ENSG00000065518.7	175.97	161.53	184.52	78.07	149.19	83.79	160.77	192.82	147.22	295.51	132.58
ENSG00000065526.9	16.56	10.89	13.06	19.2	14.33	20.22	9.96	6.27	9.2	12.08	34.63
ENSG00000065534.17	7.64	2.75	5.75	11.36	42.3	57.16	0.35	4.41	4.64	4.31	0.5
ENSG00000065548.16	28.08	18.83	27.9	48.04	63.56	27.58	28.04	18.86	26.16	31.55	56.44
ENSG00000065559.13	9.45	8.04	10.97	11.28	9.2	5.36	11.94	6.6	13.91	5.84	0.47
ENSG00000065600.11	7.49	7.29	14.23	5.53	5.65	4.83	14.37	22.13	10.95	14.14	17.61
ENSG00000065609.13	0	0.1	0.15	0	0	0	0	0	0.15	0	5.42
ENSG00000065613.12	12.51	17.66	12.03	8.59	7.08	5.22	17.62	8.39	12.25	6.87	1.47
ENSG00000065615.12	4.59	8.78	9.62	12.35	6	5.61	8.74	7.29	8.81	6.64	5.82
ENSG00000065618.15	351.1	545.33	0	0.36	0	1.72	207.83	219.13	1.88	332.46	0.12
ENSG00000065621.13	43.88	27.55	0.05	18.41	10.29	0.76	28.31	38.15	1.6	28.38	2.5
ENSG00000065665.19	6.26	1.9	6.97	3.97	12.63	1.21	2.95	4.07	3.63	1.8	3.38
ENSG00000065675.13	3.41	1.93	0	0	0.37	0.02	1.48	0	0	1.94	0
ENSG00000065717.13	4.87	5.59	5.45	19.27	11.45	9.69	0.55	2.96	1.91	0.17	10.25
ENSG00000065802.10	36.94	16.95	13.96	11.63	22.29	68.32	29.66	35.21	22.97	27.66	36.87
ENSG00000065809.12	1.09	0.95	1.3	2.17	4.94	9.62	1.55	4.57	11.52	1.52	0.24
ENSG00000065833.8	6.24	10.64	6.54	33.19	16.52	5.97	10.2	14.81	6.42	1.3	2.77
ENSG00000065882.14	39.09	15.8	12.2	40.5	41.91	28.19	35.2	22.49	24.84	25.13	42.4
ENSG00000065883.13	11.23	6.02	12.5	18.22	16.61	9.34	10.47	4.49	13.38	8.09	10.37
ENSG00000065911.10	62.07	24.97	84.3	132.96	153.55	116.09	70.74	71.41	67.82	76.26	178.4
ENSG00000065923.8	4.62	3.84	5.47	0.54	12	2.31	2.61	16.34	4.97	1.68	3.02
ENSG00000065970.7	10.48	4.87	9.85	17.63	8.88	6.46	5.37	5.62	5.07	3.59	13.71
ENSG00000065978.16	950.11	597.54	923.72	1168.41	1137.6	777.29	889.57	705.25	756.82	1273.14	1216.49
ENSG00000065989.14	0.63	0.03	13.51	0.54	5.81	13.81	0.34	0.34	6.69	0.31	47.32
ENSG00000066027.10	2.75	8.92	2.39	2.77	0.59	1.3	8.46	4.46	6.12	2.47	1.48
ENSG00000066032.17	0	0	1.97	0.05	0	0	0	0.77	0.21	0	8.35
ENSG00000066044.12	72.24	35.9	94.01	48.32	86.38	57.53	65.47	52.49	83.6	94.25	98.72
ENSG00000066056.12	0.2	0.46	0.11	0.68	0.28	1.4	0.07	0.12	0.3	0.34	0.17
ENSG00000066084.11	9.28	6.23	5.67	9.93	12.78	3.11	8.38	8.42	4.15	8.12	5.74
ENSG00000066117.13	51.25	37.42	38.34	34.69	54.63	25.49	52.46	34.06	41.05	50.59	41.61
ENSG00000066135.11	11.37	15.77	15.07	31.36	24.03	10.48	9.77	9.28	9.4	12.55	33.65
ENSG00000066136.18	51.67	49.97	38.61	36.74	39.25	26.31	36.76	48.05	60.1	40.68	106.81
ENSG00000066185.11	0.29	0	0	0.13	0.35	0.04	0.11	0.22	0.58	0	3.28
ENSG00000066230.9	0.05	0	0.09	0	0.14	0.53	0.09	0	0.13	0	1.64
ENSG00000066248.13	0.91	0	0.17	0.51	1.32	0.18	1.69	20.25	9.24	2.64	4.54
ENSG00000066279.15	9.35	6.65	8.77	38.5	23.43	3.97	12.37	0.63	11.05	2.05	1.13
ENSG00000066294.13	0	0	0	0	0	0.05	0	0	0	0	0
ENSG00000066322.11	178.75	167.64	90.34	126.14	106.35	165.03	132.17	253.27	113.85	183.14	151.16
ENSG00000066336.10	0	0	0.21	0.06	0.23	0.24	0	0	0	0	0
ENSG00000066379.13	24.99	25.61	34.18	50	40.84	27.73	49.37	50.43	33.42	69.56	179.27
ENSG00000066382.15	0	0	0	0.21	0	0	0	0	0	0	0
ENSG00000066405.11	0	0	0	0	0.08	0	0	0	0	0	0
ENSG00000066422.4	3.38	3.53	5.13	7.41	5.27	3.85	4.75	2.59	2.69	0.99	1.86
ENSG00000066427.20	5.87	12.71	6.53	45.81	18.35	6.26	8.32	9.69	7.04	1.86	8.04
ENSG00000066455.11	13.54	12.47	10.95	47.06	19.01	6.73	15.8	11.44	6.88	3.73	3.68
ENSG00000066468.19	6.36	12.07	0.7	7.39	0.62	0.09	1.91	0	0	1.88	0.71
ENSG00000066557.5	2.33	2.17	7.95	2.95	11.64	4.07	4.21	2.53	3.8	0	0.54
ENSG00000066583.10	9.06	4.37	5.05	5.6	7.89	7.55	12.04	5.43	17.8	5.98	10.49
ENSG00000066629.15	9.57	1.54	8.25	20.47	32.01	35.49	9.59	8.31	3	8.3	61.46
ENSG00000066651.16	8.19	4.56	14.19	12.91	21.82	3.13	14.15	8.2	10.25	4.27	4.07
ENSG00000066654.11	14.4	11.84	11.05	31.26	17.15	14.02	10.95	15.99	10.44	11.29	68.87
ENSG00000066697.13	23.75	6.1	43.88	27.21	58.49	30.89	18.07	45.43	44.02	41.65	43.98
ENSG00000066735.13	0.12	0.03	0	0.6	0.82	0.03	0	0.05	0	0.21	2.55
ENSG00000066739.10	5.69	5.17	1.46	12.82	7.49	3.65	4.21	1.66	2.57	0.44	2.4
ENSG00000066777.7	13.2	16.13	7.15	11.36	21.62	15.16	13.81	14.24	5.83	20.16	11.25
ENSG00000066813.13	0.05	0.03	0	0.58	0.18	0	0.03	0	0.15	0	0
ENSG00000066827.14	2.55	2.66	3.65	5.54	1.3	4.71	5.77	4.53	2.89	4.14	6.6
ENSG00000066855.14	11.65	8.64	19.64	30.36	28.53	13.67	14.34	12.06	10.06	31.77	13.8
ENSG00000066923.16	1.89	4.67	0.99	16.41	1.35	2.57	2.47	2.11	1.38	1.33	3.49
ENSG00000066926.9	35.18	32.13	20.07	43.57	12.23	8.71	30.58	38.64	9.67	20.85	49.84
ENSG00000066933.14	2.93	2.49	3.42	8.55	3.87	6.46	2.18	3.15	2.64	2.4	5.98
ENSG00000067048.15	0	0	0	0	0	0	0	0	0	0	0
ENSG00000067057.15	315.49	127.45	161.89	23.87	116.28	181.85	200.35	241.16	148.61	291.06	201.63
ENSG00000067064.9	44.48	24.5	19.25	22.33	47.14	13.48	26.6	11.82	13.44	16.07	3.83
ENSG00000067066.15	25.3	17.27	11.51	52.57	14.81	18.29	15.53	26.21	24.09	16.15	11.43
ENSG00000067082.13	45.45	60.73	49.92	24.28	39.07	59.32	58.95	139.65	49.57	94.98	139.86
ENSG00000067113.15	15.44	6.88	11.07	4.64	8.11	5.21	4.19	10.07	5.75	3.42	9.89
ENSG00000067141.15	10.09	20.5	0.51	20.07	2.42	3.64	7.6	1.68	10.42	1.75	35.26
ENSG00000067167.6	71.67	60.13	66.87	52.64	79.08	64.69	48.65	36.27	57.34	56.39	48.3
